10 0.00442988 0.00117018
15 0.00456716 0.000841762
20 0.00457698 0.000651256
25 0.00459805 0.000581471
30 0.00460111 0.000585294
35 0.00459012 0.000565714
40 0.00470273 0.000509594
50 0.00466014 0.000442871
60 0.00468283 0.000421426
80 0.00466711 0.000329475
100 0.00467291 0.000309506
150 0.0047009 0.000271728
200 0.00467534 0.000210587
250 0.00466181 0.000185222
300 0.00467285 0.00015863
350 0.00466406 0.000134851
400 0.00470112 0.000160155
500 0.00467586 0.000129786
600 0.00468175 0.00011822
800 0.0046863 0.000102172
1000 0.00469268 9.28745e-05
1500 0.00468772 8.20522e-05
2000 0.00468248 6.77103e-05
2500 0.00468994 5.78868e-05
3000 0.00469197 5.35093e-05
3500 0.00469649 5.5577e-05
4000 0.00468794 4.61259e-05
5000 0.00467677 4.16825e-05
6000 0.00468921 4.03595e-05
8000 0.00468569 3.03228e-05
10000 0.00468237 2.76984e-05
