<<<<<<< HEAD
0 0.0735863
0.01 0.0668393
0.02 0.067166
0.03 0.072446
0.04 0.0585687
0.05 0.0745438
0.06 0.0851941
0.07 0.0815197
0.08 0.0864543
0.09 0.102437
0.1 0.0889765
0.11 0.116459
0.12 0.114117
0.13 0.138528
0.14 0.167413
0.15 0.160008
0.16 0.217612
0.17 0.286874
0.18 0.322635
0.19 0.430453
0.2 0.743597
0.21 0.761446
0.22 1.21
0.23 1.47208
0.24 2.35371
0.25 3.31815
0.26 5.29342
0.27 9.32529
0.28 16.6988
0.29 32.5144
0.3 73.1213
0.31 161.785
0.32 599.832
0.33 2175.43
0.34 14350.3
0.35 148965
0.36 5.80313e+06
0.37 2.45591e+09
0.38 3.29035e+14
0.39 3.6242e+29
0.4 nan
0.41 1.54761
0.42 1.05783
0.43 0.853454
0.44 0.758403
0.45 0.716706
0.46 0.726553
0.47 0.649934
0.48 0.667673
0.49 0.485989
0.5 0.574623
0.51 0.441364
0.52 0.563114
0.53 0.459678
0.54 0.537256
0.55 0.505542
0.56 0.463583
0.57 0.529159
0.58 0.441366
0.59 0.394828
0.6 0.499912
0.61 0.444656
0.62 0.515332
0.63 0.428769
0.64 0.326934
0.65 0.312292
0.66 0.25287
0.67 0.235875
0.68 0.200583
0.69 0.184339
0.7 0.175626
0.71 0.166309
0.72 0.159054
0.73 0.118875
0.74 0.111943
0.75 0.121674
0.76 0.111853
0.77 0.112999
0.78 0.125056
0.79 0.127304
0.8 0.0940987
0.81 0.0825584
0.82 0.100546
0.83 0.0789534
0.84 0.0893686
0.85 0.0884221
0.86 0.0813557
0.87 0.070602
0.88 0.071094
0.89 0.0728236
0.9 0.0570911
0.91 0.0593968
0.92 0.0480247
0.93 0.049546
0.94 0.0600623
0.95 0.0501567
0.96 0.0494423
0.97 0.0438046
0.98 0.0483239
0.99 0.0414838
1 0.038898
=======
1 1 1 1.98599e-06 2e-06
2 0.999997 1 1.95769e-06 2e-06
3 0.999991 1 1.97038e-06 2e-06
4 1.00003 1 2.0082e-06 2e-06
5 0.999999 1 1.97085e-06 2e-06
6 0.999966 1 1.99107e-06 2e-06
7 0.999999 1 1.97697e-06 2e-06
8 0.99998 1 2.01057e-06 2e-06
9 0.999999 1 2.02436e-06 2e-06
10 1.00002 1 2.01532e-06 2e-06
11 1 1 1.99838e-06 2e-06
12 0.99999 1 2.02295e-06 2e-06
13 0.999976 1 2.01729e-06 2e-06
14 1 1 2.04971e-06 2e-06
15 0.999996 1 2.00645e-06 2e-06
16 1.00001 1 1.99258e-06 2e-06
17 0.999978 1 1.99941e-06 2e-06
18 1.00002 1 2.04967e-06 2e-06
19 1.00001 1 2.01939e-06 2e-06
20 1 1 1.99208e-06 2e-06
21 1 1 1.97144e-06 2e-06
22 0.999999 1 1.94665e-06 2e-06
23 1.00001 1 1.99462e-06 2e-06
24 0.999991 1 2.05726e-06 2e-06
25 0.999984 1 1.95192e-06 2e-06
26 0.999991 1 1.96678e-06 2e-06
27 1 1 2.00773e-06 2e-06
28 0.999971 1 1.96712e-06 2e-06
29 0.999999 1 1.96318e-06 2e-06
30 0.999967 1 2.02681e-06 2e-06
31 1.00001 1 2.01147e-06 2e-06
32 1.00002 1 2.00068e-06 2e-06
33 0.999998 1 1.98496e-06 2e-06
34 1.00001 1 2.02969e-06 2e-06
35 1.00002 1 2.01173e-06 2e-06
36 1.00001 1 2.05976e-06 2e-06
37 1.00001 1 2.03319e-06 2e-06
38 0.999996 1 2.01298e-06 2e-06
39 0.999998 1 1.99957e-06 2e-06
40 0.999999 1 1.96821e-06 2e-06
41 1.00001 1 1.98111e-06 2e-06
42 0.999976 1 1.98643e-06 2e-06
43 0.999975 1 2.00896e-06 2e-06
44 0.999994 1 2.0041e-06 2e-06
45 1.00001 1 2.0338e-06 2e-06
46 1.00002 1 2.0379e-06 2e-06
47 1 1 2.01216e-06 2e-06
48 1.00001 1 2.02764e-06 2e-06
49 1.00002 1 2.03228e-06 2e-06
50 0.999972 1 1.98594e-06 2e-06
51 0.99999 1 1.99646e-06 2e-06
52 1.00001 1 2.00521e-06 2e-06
53 1.00002 1 2.01182e-06 2e-06
54 1.00002 1 2.04874e-06 2e-06
55 0.999992 1 2.01573e-06 2e-06
56 1 1 1.99611e-06 2e-06
57 1.00002 1 2.02261e-06 2e-06
58 1 1 1.94844e-06 2e-06
59 0.999991 1 2.0109e-06 2e-06
60 0.999989 1 2.00247e-06 2e-06
61 0.999997 1 2.05593e-06 2e-06
62 0.999989 1 2.01166e-06 2e-06
63 0.999979 1 1.9908e-06 2e-06
64 0.999989 1 1.97292e-06 2e-06
65 0.999981 1 2.05906e-06 2e-06
66 1.00002 1 1.98619e-06 2e-06
67 1.00001 1 2.03892e-06 2e-06
68 1.00001 1 2.01747e-06 2e-06
69 1 1 1.95199e-06 2e-06
70 0.999974 1 1.98637e-06 2e-06
71 0.99999 1 1.98736e-06 2e-06
72 0.999995 1 1.99007e-06 2e-06
73 1.00001 1 1.9898e-06 2e-06
74 0.99998 1 1.97027e-06 2e-06
75 1.00001 1 1.98234e-06 2e-06
76 1.00003 1 2.03815e-06 2e-06
77 1 1 1.99837e-06 2e-06
78 0.999997 1 1.96398e-06 2e-06
79 1.00001 1 2.03498e-06 2e-06
80 0.999991 1 2.00143e-06 2e-06
81 1 1 1.9964e-06 2e-06
82 0.99999 1 1.94617e-06 2e-06
83 1.00002 1 1.99435e-06 2e-06
84 1.00002 1 1.99132e-06 2e-06
85 0.999978 1 1.95141e-06 2e-06
86 1.00001 1 2.00242e-06 2e-06
87 0.999996 1 2.00615e-06 2e-06
88 1 1 1.9606e-06 2e-06
89 0.999993 1 1.98761e-06 2e-06
90 1.00001 1 1.99739e-06 2e-06
91 0.999997 1 1.99174e-06 2e-06
92 0.999974 1 1.9935e-06 2e-06
93 1.00001 1 2.01405e-06 2e-06
94 0.999977 1 2.01668e-06 2e-06
95 0.999995 1 2.06649e-06 2e-06
96 0.99999 1 1.97892e-06 2e-06
97 1.00001 1 2.02969e-06 2e-06
98 1.00002 1 1.99377e-06 2e-06
99 0.99999 1 1.97794e-06 2e-06
100 1.00001 1 2.00868e-06 2e-06
101 1 1 1.96239e-06 2e-06
>>>>>>> 2b7bfc688d139f55b0773e421cf6a0444ffe9f84
