10 0.00451553 0.00112468
15 0.00466424 0.000859603
20 0.00460781 0.000834863
25 0.00456789 0.000626398
30 0.00469483 0.000598234
35 0.00465467 0.000613831
40 0.00459968 0.000511145
50 0.0047287 0.000449153
60 0.00475534 0.000387248
80 0.00469114 0.00038872
100 0.00467517 0.000328896
150 0.00472171 0.000244034
200 0.00469044 0.000244095
250 0.00469696 0.000195696
300 0.00469412 0.000185328
350 0.0046855 0.000178883
400 0.0047107 0.00018115
500 0.00469517 0.000158001
600 0.00469381 0.000121325
800 0.00470397 0.000117807
1000 0.00469463 0.000101642
1500 0.0046805 9.09743e-05
2000 0.00469122 7.54205e-05
2500 0.00467981 6.62921e-05
3000 0.00468424 6.15487e-05
3500 0.00468615 5.89374e-05
4000 0.00469499 5.23996e-05
5000 0.00469036 4.47615e-05
6000 0.00469309 4.17086e-05
8000 0.00468039 3.93052e-05
10000 0.00469031 3.28619e-05
