10 6.55932e-05 0.00149558
15 0.000166055 0.00120922
20 -6.90875e-05 0.00106208
25 7.55646e-05 0.0010334
30 3.49019e-05 0.000823062
35 1.95695e-05 0.000676278
40 -3.34274e-05 0.0007405
50 3.61824e-05 0.000674078
60 7.11005e-05 0.000630595
80 0.00011234 0.000532215
100 7.61597e-05 0.000465691
150 -5.29537e-06 0.000394153
200 7.39813e-05 0.000322077
250 5.3436e-05 0.000292888
300 4.06654e-05 0.000279769
350 4.61491e-05 0.000247212
400 5.62277e-05 0.000245278
500 2.1028e-05 0.000212396
600 6.51664e-05 0.000197238
800 6.98213e-05 0.000171813
1000 6.05527e-05 0.000130202
1500 5.53244e-05 0.000123508
2000 5.46575e-05 0.000101035
2500 6.91561e-05 9.0528e-05
3000 4.4646e-05 8.36692e-05
3500 5.42138e-05 6.61978e-05
4000 5.65969e-05 7.50411e-05
5000 4.51142e-05 7.09385e-05
6000 5.76511e-05 6.05697e-05
8000 5.05348e-05 5.0485e-05
10000 6.66212e-05 4.61197e-05
