10 0.00458161 0.00115053
15 0.00489742 0.000840155
20 0.00485654 0.000773493
25 0.00482503 0.000673085
30 0.00495247 0.000605585
35 0.00490481 0.000566313
40 0.00490098 0.000590718
50 0.00491738 0.00043394
60 0.00498083 0.000425961
80 0.00494531 0.000382465
100 0.0049512 0.000341924
150 0.00499821 0.00028393
200 0.00495215 0.000251832
250 0.00496383 0.000230381
300 0.004976 0.000198333
350 0.00495206 0.000174968
400 0.00497922 0.000174402
500 0.00495226 0.000178362
600 0.00495166 0.000124633
800 0.00496176 0.000129686
1000 0.00496472 0.000112036
1500 0.00495503 8.443e-05
2000 0.00495768 8.48155e-05
2500 0.00494648 7.36373e-05
3000 0.00495391 6.31461e-05
3500 0.0049607 6.76444e-05
4000 0.00496313 4.99622e-05
5000 0.00497049 4.94731e-05
6000 0.00496245 5.07184e-05
8000 0.00495212 3.92155e-05
10000 0.0049604 3.32766e-05
