10 -0.000224873 0.00166867
15 7.4894e-08 0.00129633
20 -0.000192391 0.00126903
25 8.54242e-05 0.00120325
30 -5.6235e-05 0.000887237
35 -3.45432e-05 0.000809252
40 -0.000134079 0.000840977
50 8.9065e-07 0.00078669
60 -2.86925e-05 0.000691065
80 1.79231e-05 0.000672905
100 3.40653e-05 0.000505689
150 -9.17291e-05 0.000491139
200 -2.70932e-06 0.000401498
250 -8.18666e-06 0.00034503
300 -1.34836e-05 0.000308342
350 -2.36655e-05 0.0002941
400 -5.51821e-06 0.000301772
500 -3.59914e-05 0.00023806
600 1.83479e-05 0.000236353
800 2.37041e-05 0.000179771
1000 9.21765e-06 0.000151411
1500 -1.50103e-07 0.000157148
2000 7.65593e-08 0.000116885
2500 1.26585e-05 0.000108056
3000 -5.08936e-06 0.000109297
3500 9.84713e-07 9.03037e-05
4000 -1.61358e-05 8.865e-05
5000 -1.26123e-05 8.21574e-05
6000 3.76271e-06 8.05239e-05
8000 -5.14793e-07 6.15832e-05
10000 1.05813e-05 5.81794e-05
