10 0.00565235 0.00139196
15 0.00563528 0.00105479
20 0.00552076 0.00103431
25 0.00554976 0.000844688
30 0.00558202 0.000767586
35 0.00559675 0.000780468
40 0.00552803 0.00058863
50 0.00564408 0.000618391
60 0.00573259 0.000510005
80 0.00563539 0.000458704
100 0.00558145 0.000415093
150 0.00558928 0.000324275
200 0.00564302 0.000313305
250 0.00564812 0.000212058
300 0.00561028 0.000233851
350 0.00559934 0.000203539
400 0.00562348 0.000197379
500 0.00563922 0.000167275
600 0.00564568 0.000155738
800 0.00566132 0.000139895
1000 0.00561726 0.000124944
1500 0.00562049 0.000101663
2000 0.00563249 8.63081e-05
2500 0.00562305 6.42924e-05
3000 0.0056269 7.3901e-05
3500 0.0056147 5.71166e-05
4000 0.00562597 6.58393e-05
5000 0.00561007 5.79029e-05
6000 0.00562549 5.07369e-05
8000 0.00561326 4.97555e-05
10000 0.00562953 4.22897e-05
