10 0.000181281 0.00159116
15 0.000262396 0.00128174
20 -2.25195e-05 0.00115914
25 5.55005e-05 0.0010423
30 0.000107347 0.000944463
35 9.3284e-06 0.000752464
40 4.39857e-05 0.000773637
50 4.42474e-05 0.00069656
60 0.000131747 0.000674791
80 0.00014391 0.000561515
100 0.000101378 0.000536614
150 3.64267e-05 0.00041092
200 0.000100883 0.000318201
250 6.83405e-05 0.000344484
300 5.18576e-05 0.000308103
350 7.79984e-05 0.000251808
400 7.80689e-05 0.00024424
500 5.2841e-05 0.000221565
600 8.32769e-05 0.000208443
800 8.72633e-05 0.000185469
1000 7.33841e-05 0.000138709
1500 7.07669e-05 0.000128177
2000 7.01576e-05 0.000108772
2500 7.93064e-05 9.80986e-05
3000 5.84033e-05 8.75941e-05
3500 6.85147e-05 6.43856e-05
4000 8.19068e-05 7.88107e-05
5000 6.51531e-05 7.46373e-05
6000 7.31578e-05 5.84586e-05
8000 6.45015e-05 5.59821e-05
10000 8.51634e-05 5.00114e-05
