10 0.0044722 0.00108531
15 0.00460704 0.000815855
20 0.00463889 0.000678589
25 0.00467096 0.000631285
30 0.00464284 0.000602357
35 0.00463773 0.000618089
40 0.00474095 0.000542169
50 0.00467033 0.00041882
60 0.00465493 0.000423027
80 0.00466709 0.000348825
100 0.00466067 0.000326552
150 0.00472399 0.000314078
200 0.00469585 0.000235217
250 0.00467107 0.000206307
300 0.00468657 0.000183687
350 0.00467359 0.000154802
400 0.00469409 0.000184741
500 0.00467934 0.000122769
600 0.00467909 0.00012597
800 0.0046861 0.000106858
1000 0.00469367 0.000107245
1500 0.00468927 8.48465e-05
2000 0.00468547 7.49027e-05
2500 0.00468627 6.257e-05
3000 0.00469029 5.71198e-05
3500 0.00469661 6.14938e-05
4000 0.00468685 5.3092e-05
5000 0.00467543 4.84653e-05
6000 0.00468538 4.4195e-05
8000 0.00468638 3.31202e-05
10000 0.00468117 3.16418e-05