0.733856
0.728284
0.733024
0.72463
0.733773
0.732009
0.735489
0.729999
0.736452
0.723608
0.72541
0.732364
0.732973
0.729068
0.736961
0.734715
0.732248
0.727946
0.739039
0.729142
0.727141
0.738147
0.734692
0.726699
0.727608
0.730879
0.732651
0.733244
0.728095
0.726039
0.737457
0.738046
0.735455
0.736151
0.728752
0.732009
0.734223
0.734097
0.736743
0.734237
0.72711
0.730444
0.734335
0.732281
0.730559
0.738429
0.732096
0.727923
0.730591
0.73571
0.732751
0.738464
0.73344
0.731985
0.72575
0.73579
0.722458
0.732929
0.720269
0.726621
0.721424
0.72772
0.733302
0.732484
0.736883
0.74196
0.725241
0.729581
0.73435
0.735109
0.727678
0.734274
0.734871
0.732902
0.73817
0.727417
0.737405
0.731915
0.736147
0.72723
0.726387
0.731449
0.727787
0.731979
0.739712
0.730214
0.73718
0.730172
0.735975
0.724436
0.730951
0.734202
0.734486
0.733393
0.727492
0.730821
0.733786
0.729339
0.735176
0.730231
-0.728466
-0.725769
0.735709
-0.732198
0.719993
0.718726
-0.726163
0.730489
-0.722749
0.706153
0.740849
-0.739225
0.725041
0.726496
0.730034
-0.726875
0.732004
0.733298
-0.72486
0.737204
0.723582
0.730679
0.727327
-0.729788
0.734236
0.729265
0.717905
-0.738817
0.7311
0.730274
0.710517
0.740165
-0.728449
0.726371
-0.730212
-0.728006
-0.723249
0.727647
-0.727968
0.701734
0.728392
-0.732
-0.725377
0.725076
-0.724101
0.651782
0.73541
0.733523
0.729873
-0.726804
0.727844
-0.720996
0.731695
0.736308
0.728014
0.723342
0.724725
0.734075
-0.740592
0.731376
-0.724556
-0.723635
0.727953
-0.719722
0.7264
0.727803
0.726385
0.72783
0.725092
0.734197
-0.723136
-0.734248
-0.736388
-0.729947
-0.724419
0.738248
0.728662
-0.730715
0.727803
-0.731881
0.731233
0.724142
0.732585
0.732658
-0.72883
0.728457
0.726847
0.728936
-0.727621
0.730879
-0.727433
0.726194
-0.722784
0.728865
-0.726741
0.729758
-0.725262
0.729975
0.716781
0.722937
-0.739876
-0.726217
-0.736157
-0.738971
-0.742094
-0.731577
-0.737833
-0.736727
-0.733569
-0.73768
-0.736764
-0.729296
-0.732099
-0.727581
-0.73465
-0.740451
-0.730953
-0.736802
-0.739778
-0.732214
-0.731328
-0.733714
-0.739257
-0.737415
-0.733007
-0.73514
-0.727393
-0.736344
-0.738252
-0.734432
-0.74572
-0.731013
-0.733582
-0.725355
-0.736222
-0.734838
-0.731743
-0.727545
-0.733063
-0.735585
-0.738884
-0.7289
-0.732003
-0.724917
-0.726183
-0.729087
-0.738095
-0.730161
-0.730687
-0.728885
-0.735827
-0.740851
-0.733317
-0.729929
-0.731263
-0.740101
-0.726649
-0.738356
-0.734522
-0.735783
-0.736801
-0.735426
-0.741325
-0.731481
-0.735502
-0.730864
-0.738328
-0.726663
-0.722585
-0.731312
-0.734017
-0.736948
-0.733813
-0.735671
-0.733271
-0.723368
-0.735035
-0.73763
-0.726186
-0.729099
-0.735787
-0.737407
-0.729286
-0.73562
-0.734239
-0.736681
-0.737834
-0.739055
-0.732061
-0.719916
-0.72518
-0.728495
-0.73853
-0.72755
-0.73775
-0.729603
-0.732163
-0.730807
-0.733448
-0.725489
-0.738303
-0.738509
-0.742627
-0.739595
-0.752545
-0.743778
-0.736646
-0.744696
-0.73602
-0.730008
-0.742955
-0.743376
-0.73841
-0.734856
-0.739779
-0.745693
-0.745635
-0.740419
-0.743217
-0.7449
-0.743157
-0.741027
-0.74909
-0.741975
-0.738207
-0.734804
-0.739495
-0.743478
-0.748876
-0.742234
-0.738687
-0.738832
-0.743582
-0.73441
-0.74434
-0.735861
-0.740748
-0.746533
-0.745942
-0.743105
-0.74637
-0.739148
-0.738809
-0.736998
-0.729907
-0.743769
-0.744387
-0.742778
-0.741979
-0.74332
-0.744092
-0.745818
-0.741496
-0.741799
-0.743745
-0.744594
-0.744754
-0.739297
-0.741826
-0.743565
-0.736003
-0.738236
-0.733416
-0.743658
-0.728797
-0.747173
-0.737823
-0.751671
-0.737714
-0.74502
-0.744331
-0.746189
-0.740251
-0.741286
-0.750631
-0.741666
-0.7419
-0.737016
-0.741907
-0.739859
-0.741872
-0.747187
-0.734126
-0.745253
-0.740767
-0.742783
-0.733434
-0.740562
-0.742659
-0.737855
-0.745821
-0.735701
-0.736249
-0.739211
-0.74491
-0.753263
-0.743563
-0.737799
-0.738013
-0.745398
-0.740559
-0.752978
-0.741901
-0.750098
-0.746213
-0.746086
-0.740421
-0.754599
-0.747347
-0.745698
-0.736849
-0.742287
-0.750388
-0.741229
-0.745397
-0.748132
-0.744703
-0.744323
-0.749287
-0.742434
-0.747353
-0.739264
-0.754325
-0.752906
-0.740488
-0.75345
-0.749952
-0.737763
-0.737742
-0.74758
-0.745011
-0.745226
-0.749346
-0.740703
-0.745474
-0.746496
-0.739898
-0.747467
-0.741624
-0.73893
-0.747183
-0.741338
-0.742368
-0.751343
-0.743325
-0.748737
-0.752156
-0.743085
-0.752135
-0.742077
-0.752476
-0.740561
-0.750412
-0.744357
-0.741699
-0.749937
-0.737853
-0.753025
-0.739628
-0.751312
-0.742824
-0.745119
-0.73708
-0.744464
-0.745005
-0.746998
-0.741684
-0.744497
-0.745596
-0.758393
-0.742818
-0.747417
-0.748491
-0.74266
-0.747901
-0.74347
-0.749748
-0.746695
-0.745455
-0.745111
-0.748861
-0.74486
-0.74392
-0.736235
-0.745068
-0.745855
-0.746114
-0.742298
-0.746861
-0.739489
-0.749062
-0.74766
-0.742026
-0.750996
-0.746207
-0.742267
-0.751425
-0.752398
-0.749335
-0.74049
-0.750538
-0.742314
-0.736351
-0.736569
-0.73847
-0.735283
-0.740382
-0.734871
-0.747115
-0.747753
-0.740277
-0.730513
-0.747515
-0.736413
-0.738684
-0.740149
-0.741761
-0.740427
-0.733176
-0.740781
-0.73917
-0.74669
-0.734729
-0.737383
-0.74993
-0.745014
-0.737394
-0.730499
-0.746175
-0.738744
-0.739968
-0.746105
-0.743963
-0.742468
-0.74058
-0.743638
-0.745358
-0.745169
-0.751334
-0.735722
-0.739592
-0.735127
-0.74204
-0.737028
-0.743657
-0.740568
-0.740474
-0.74459
-0.741015
-0.740276
-0.746132
-0.738216
-0.74184
-0.741834
-0.733892
-0.738794
-0.733013
-0.741458
-0.741304
-0.738164
-0.743927
-0.740794
-0.742178
-0.738206
-0.744535
-0.746598
-0.744897
-0.742047
-0.739871
-0.737862
-0.746905
-0.734448
-0.738698
-0.739183
-0.743611
-0.739272
-0.743005
-0.739392
-0.737777
-0.744732
-0.736109
-0.745172
-0.738138
-0.737928
-0.737371
-0.746481
-0.741681
-0.744999
-0.736395
-0.741012
-0.743334
-0.743381
-0.740762
-0.741375
-0.742843
-0.733161
-0.73626
-0.74876
-0.743251
-0.741205
-0.728964
-0.724891
-0.728038
-0.727059
-0.732275
-0.735191
-0.733536
-0.720147
-0.722185
-0.738804
-0.737053
-0.725965
-0.740041
-0.735087
-0.734489
-0.736976
-0.734186
-0.7319
-0.730911
-0.730667
-0.735178
-0.729606
-0.726026
-0.727233
-0.731697
-0.733082
-0.735429
-0.725748
-0.726725
-0.727221
-0.735831
-0.729049
-0.730835
-0.724774
-0.730832
-0.734968
-0.732787
-0.729475
-0.732886
-0.72824
-0.72706
-0.735344
-0.729732
-0.731705
-0.726242
-0.736453
-0.731511
-0.733266
-0.720946
-0.72935
-0.732571
-0.730396
-0.743727
-0.721722
-0.727312
-0.735996
-0.735584
-0.73137
-0.72479
-0.729399
-0.7378
-0.732696
-0.72406
-0.722506
-0.735555
-0.729856
-0.73142
-0.72995
-0.737665
-0.731395
-0.721253
-0.731733
-0.731598
-0.734158
-0.725807
-0.729377
-0.734036
-0.73726
-0.724026
-0.731008
-0.729429
-0.723819
-0.726242
-0.726086
-0.732168
-0.737279
-0.729851
-0.725601
-0.736719
-0.731099
-0.734259
-0.738278
-0.730913
-0.724185
-0.740224
-0.732362
-0.729037
-0.730162
-0.734258
-0.728548
-0.716084
-0.72007
-0.715491
-0.716001
-0.721544
-0.715487
-0.718763
-0.72285
-0.717933
-0.712475
-0.721906
-0.723932
-0.718364
-0.715186
-0.71647
-0.71277
-0.716206
-0.721708
-0.719019
-0.718035
-0.712563
-0.720208
-0.716067
-0.719303
-0.719729
-0.720463
-0.722026
-0.714948
-0.712453
-0.719027
-0.714341
-0.721011
-0.706868
-0.715826
-0.719027
-0.714944
-0.716217
-0.721107
-0.720553
-0.716492
-0.714569
-0.720342
-0.714915
-0.715968
-0.725924
-0.71547
-0.709441
-0.722168
-0.71065
-0.702266
-0.708876
-0.71474
-0.718009
-0.720923
-0.712655
-0.712503
-0.715834
-0.71854
-0.715783
-0.715848
-0.714268
-0.719219
-0.723752
-0.713207
-0.70991
-0.716223
-0.710302
-0.715675
-0.717963
-0.71592
-0.708982
-0.711799
-0.711969
-0.718457
-0.711749
-0.716528
-0.712776
-0.717583
-0.70882
-0.71594
-0.718436
-0.712117
-0.714861
-0.722704
-0.719903
-0.712075
-0.709828
-0.710189
-0.7129
-0.709662
-0.710771
-0.714668
-0.7177
-0.719745
-0.712154
-0.711658
-0.718866
-0.714737
-0.717503
-0.711432
-0.69521
-0.690725
-0.70215
-0.690697
-0.696866
-0.70191
-0.695745
-0.707967
-0.691247
-0.692641
-0.695447
-0.706444
-0.688535
-0.692435
-0.692514
-0.69481
-0.69586
-0.701769
-0.697424
-0.699422
-0.692212
-0.697644
-0.692288
-0.695364
-0.706966
-0.697881
-0.702256
-0.68871
-0.697576
-0.696011
-0.693109
-0.70121
-0.686451
-0.702672
-0.701428
-0.693124
-0.689814
-0.696743
-0.692968
-0.70198
-0.687111
-0.702285
-0.703435
-0.698173
-0.691872
-0.702841
-0.685291
-0.692375
-0.701288
-0.698873
-0.697702
-0.693904
-0.69966
-0.699202
-0.694736
-0.690446
-0.683955
-0.699618
-0.695795
-0.69237
-0.701868
-0.691162
-0.706071
-0.696238
-0.693779
-0.703173
-0.693911
-0.697544
-0.694015
-0.692128
-0.692234
-0.698244
-0.696502
-0.697501
-0.697508
-0.695368
-0.69813
-0.693428
-0.690636
-0.697718
-0.705399
-0.691686
-0.698782
-0.706085
-0.695046
-0.697795
-0.703098
-0.692599
-0.704167
-0.692534
-0.69636
-0.692172
-0.685877
-0.694172
-0.696071
-0.702358
-0.692866
-0.69902
-0.691655
-0.690844
-0.670146
-0.67241
-0.668609
-0.666223
-0.669858
-0.663659
-0.664322
-0.659642
-0.667935
-0.66493
-0.670071
-0.676665
-0.672681
-0.675494
-0.667989
-0.672797
-0.665014
-0.676612
-0.667144
-0.674233
-0.671806
-0.669395
-0.66865
-0.676756
-0.67327
-0.67176
-0.665001
-0.658586
-0.676069
-0.67143
-0.667308
-0.665592
-0.658369
-0.672613
-0.676436
-0.673449
-0.663925
-0.669308
-0.661794
-0.665045
-0.675277
-0.66932
-0.677793
-0.667843
-0.67165
-0.667445
-0.666776
-0.670185
-0.671129
-0.665572
-0.674196
-0.662142
-0.666717
-0.668451
-0.665601
-0.675306
-0.672874
-0.668241
-0.671595
-0.672049
-0.661375
-0.665838
-0.662195
-0.664581
-0.675063
-0.665741
-0.669381
-0.671882
-0.673607
-0.671482
-0.661791
-0.671598
-0.67914
-0.662728
-0.670748
-0.668712
-0.665075
-0.662506
-0.662486
-0.660141
-0.669735
-0.67308
-0.674534
-0.677611
-0.674483
-0.669846
-0.667748
-0.667582
-0.681319
-0.662843
-0.663443
-0.673589
-0.667698
-0.676921
-0.674186
-0.664885
-0.674609
-0.672198
-0.66856
-0.659643
-0.628392
-0.634911
-0.648688
-0.638783
-0.651125
-0.629518
-0.643626
-0.633521
-0.639841
-0.634075
-0.646192
-0.642696
-0.629455
-0.642412
-0.636556
-0.629203
-0.631599
-0.635556
-0.637475
-0.624141
-0.631836
-0.629772
-0.642334
-0.643902
-0.635044
-0.631505
-0.634471
-0.642852
-0.628871
-0.635482
-0.638773
-0.639022
-0.643472
-0.639858
-0.640957
-0.642842
-0.62166
-0.646265
-0.633928
-0.643081
-0.636971
-0.642668
-0.634842
-0.640953
-0.639399
-0.646826
-0.642139
-0.632809
-0.63065
-0.641057
-0.63069
-0.645201
-0.633536
-0.648414
-0.63899
-0.635912
-0.63937
-0.640061
-0.640275
-0.633499
-0.633933
-0.63711
-0.630726
-0.633813
-0.642815
-0.641185
-0.634356
-0.640289
-0.635938
-0.637697
-0.646904
-0.640333
-0.639412
-0.636201
-0.630172
-0.635966
-0.624775
-0.617564
-0.641166
-0.638598
-0.636087
-0.638594
-0.636216
-0.636148
-0.635912
-0.635509
-0.640784
-0.642652
-0.625712
-0.643392
-0.642817
-0.638903
-0.635807
-0.636586
-0.637195
-0.63073
-0.643048
-0.640911
-0.637459
-0.633567
-0.601415
-0.599691
-0.602728
-0.599122
-0.600264
-0.597319
-0.607435
-0.603192
-0.593851
-0.594579
-0.592456
-0.595539
-0.597105
-0.597122
-0.594007
-0.594707
-0.597144
-0.60558
-0.60402
-0.59634
-0.59828
-0.590777
-0.595993
-0.593951
-0.598348
-0.594466
-0.589561
-0.599409
-0.590981
-0.592881
-0.584109
-0.59781
-0.591018
-0.592842
-0.607656
-0.59019
-0.606051
-0.597701
-0.59222
-0.596166
-0.601739
-0.602583
-0.591762
-0.597944
-0.597182
-0.601472
-0.597561
-0.592748
-0.60035
-0.587253
-0.602058
-0.595826
-0.593874
-0.594021
-0.594911
-0.59179
-0.599027
-0.60262
-0.595389
-0.592131
-0.602275
-0.594071
-0.602259
-0.599071
-0.602989
-0.605759
-0.59524
-0.599297
-0.587189
-0.597312
-0.595523
-0.600428
-0.589945
-0.609859
-0.594709
-0.598534
-0.595962
-0.593074
-0.595074
-0.598848
-0.590299
-0.603959
-0.592536
-0.601901
-0.601432
-0.600375
-0.600368
-0.596278
-0.605671
-0.606927
-0.589642
-0.595716
-0.595292
-0.587298
-0.597987
-0.594015
-0.593286
-0.601705
-0.610598
-0.598736
-0.548602
-0.549294
-0.557463
-0.553989
-0.551094
-0.536868
-0.546087
-0.560373
-0.555845
-0.540382
-0.548424
-0.545419
-0.552421
-0.559249
-0.546391
-0.549054
-0.547305
-0.567373
-0.548941
-0.563875
-0.538054
-0.553522
-0.547991
-0.558164
-0.54862
-0.560738
-0.562108
-0.538003
-0.549329
-0.545376
-0.546355
-0.561535
-0.542746
-0.554886
-0.54453
-0.553048
-0.554556
-0.5531
-0.547453
-0.553202
-0.555384
-0.545481
-0.553328
-0.54587
-0.553074
-0.537948
-0.545103
-0.551853
-0.558365
-0.553583
-0.552737
-0.544243
-0.556857
-0.53922
-0.560619
-0.560538
-0.552171
-0.550769
-0.556564
-0.544894
-0.552007
-0.554774
-0.554035
-0.553354
-0.54624
-0.556719
-0.54731
-0.536111
-0.560691
-0.554423
-0.542852
-0.542517
-0.547252
-0.552386
-0.5542
-0.556375
-0.557976
-0.550227
-0.549526
-0.556372
-0.550793
-0.548792
-0.553442
-0.549737
-0.56169
-0.561456
-0.555888
-0.547762
-0.544827
-0.554339
-0.555512
-0.56375
-0.555984
-0.540297
-0.552413
-0.549142
-0.554726
-0.548703
-0.556922
-0.544629
-0.510042
-0.498048
-0.500197
-0.503291
-0.493386
-0.501716
-0.497918
-0.501808
-0.513728
-0.505263
-0.504646
-0.496108
-0.495694
-0.489414
-0.507424
-0.484443
-0.500167
-0.501857
-0.504575
-0.485457
-0.505913
-0.478206
-0.496044
-0.498347
-0.498589
-0.506926
-0.488937
-0.490079
-0.495373
-0.496388
-0.500294
-0.494916
-0.489869
-0.504262
-0.479568
-0.488005
-0.502833
-0.492021
-0.504653
-0.499272
-0.487025
-0.494721
-0.497003
-0.494919
-0.49678
-0.501835
-0.487627
-0.488408
-0.504781
-0.492805
-0.50623
-0.499773
-0.499516
-0.499655
-0.494213
-0.483557
-0.492859
-0.496939
-0.503063
-0.499037
-0.502837
-0.496969
-0.503686
-0.494979
-0.494356
-0.493015
-0.50846
-0.506006
-0.508104
-0.487887
-0.493781
-0.496295
-0.509569
-0.499901
-0.494068
-0.494151
-0.504526
-0.500679
-0.502488
-0.488606
-0.495488
-0.490154
-0.4848
-0.495308
-0.492641
-0.488851
-0.490913
-0.498351
-0.496328
-0.48761
-0.493411
-0.506545
-0.494459
-0.499005
-0.493268
-0.499653
-0.506795
-0.489998
-0.506332
-0.489904
-0.431005
-0.44646
-0.424536
-0.43371
-0.438828
-0.447206
-0.43379
-0.431658
-0.451823
-0.430512
-0.438788
-0.438697
-0.436269
-0.434986
-0.432776
-0.438271
-0.439957
-0.447142
-0.438817
-0.434039
-0.440238
-0.443209
-0.433908
-0.438084
-0.447841
-0.441073
-0.443395
-0.44015
-0.44499
-0.431902
-0.432921
-0.449419
-0.428987
-0.44708
-0.440124
-0.428859
-0.435578
-0.435244
-0.446778
-0.43352
-0.436822
-0.42052
-0.450004
-0.439939
-0.43773
-0.446956
-0.439104
-0.444028
-0.440054
-0.436097
-0.424347
-0.429057
-0.432158
-0.44866
-0.438709
-0.433109
-0.431335
-0.424804
-0.441781
-0.448812
-0.435141
-0.430365
-0.434491
-0.432793
-0.442571
-0.425712
-0.434852
-0.430245
-0.438451
-0.430115
-0.433319
-0.440076
-0.433658
-0.431861
-0.440803
-0.442398
-0.4339
-0.430759
-0.432456
-0.438085
-0.439407
-0.43721
-0.440596
-0.44543
-0.439949
-0.431626
-0.430765
-0.440617
-0.436325
-0.436293
-0.435924
-0.447771
-0.432118
-0.439732
-0.438989
-0.442067
-0.42311
-0.427701
-0.442364
-0.44119
-0.374295
-0.36894
-0.366933
-0.368519
-0.384315
-0.369323
-0.379581
-0.369484
-0.367441
-0.374801
-0.38013
-0.365439
-0.368914
-0.376388
-0.37769
-0.376343
-0.377738
-0.375638
-0.374964
-0.376441
-0.378408
-0.367719
-0.368626
-0.383033
-0.36105
-0.373185
-0.367573
-0.371354
-0.378029
-0.370728
-0.37066
-0.397012
-0.384061
-0.365773
-0.379031
-0.367766
-0.366758
-0.383072
-0.373938
-0.367948
-0.367244
-0.374277
-0.37546
-0.375179
-0.385655
-0.370375
-0.363245
-0.370746
-0.3733
-0.382297
-0.367624
-0.384016
-0.367021
-0.370622
-0.36875
-0.378215
-0.374884
-0.367613
-0.378857
-0.372385
-0.368253
-0.381924
-0.372524
-0.372615
-0.379592
-0.390185
-0.37843
-0.376471
-0.374522
-0.375159
-0.368042
-0.364603
-0.373248
-0.363282
-0.37704
-0.376038
-0.377541
-0.368603
-0.372675
-0.377824
-0.382364
-0.36225
-0.371634
-0.366394
-0.35811
-0.377173
-0.373796
-0.372984
-0.372513
-0.373539
-0.360381
-0.381587
-0.375413
-0.359779
-0.367174
-0.36794
-0.37563
-0.363705
-0.368862
-0.368528
-0.293674
-0.296599
-0.306923
-0.302503
-0.294594
-0.306527
-0.303564
-0.305925
-0.307193
-0.31301
-0.303381
-0.312009
-0.318709
-0.31559
-0.30396
-0.29531
-0.302528
-0.307837
-0.303667
-0.314767
-0.300627
-0.314729
-0.302044
-0.298055
-0.311134
-0.306344
-0.311772
-0.313476
-0.298379
-0.31379
-0.303266
-0.286658
-0.306317
-0.29799
-0.307012
-0.319256
-0.299805
-0.30649
-0.303022
-0.317209
-0.309696
-0.308037
-0.292264
-0.299289
-0.307535
-0.307269
-0.300334
-0.312092
-0.313931
-0.311801
-0.317323
-0.303038
-0.311715
-0.306532
-0.306608
-0.316955
-0.311472
-0.294391
-0.296466
-0.308573
-0.302115
-0.304895
-0.306706
-0.300151
-0.319762
-0.307864
-0.303107
-0.31438
-0.304101
-0.292559
-0.307327
-0.307195
-0.305783
-0.29723
-0.315339
-0.304732
-0.301453
-0.313221
-0.306437
-0.308443
-0.301029
-0.287208
-0.322103
-0.302021
-0.297596
-0.303587
-0.323875
-0.311231
-0.29472
-0.315495
-0.311306
-0.301513
-0.318757
-0.304068
-0.300651
-0.313296
-0.310196
-0.303835
-0.316218
-0.309229
-0.24276
-0.23867
-0.24456
-0.246695
-0.23912
-0.237627
-0.244644
-0.232072
-0.245025
-0.234535
-0.239393
-0.233937
-0.236877
-0.239895
-0.228705
-0.237295
-0.234788
-0.238545
-0.242777
-0.23364
-0.226096
-0.246476
-0.24001
-0.240322
-0.230322
-0.247573
-0.235368
-0.243355
-0.233613
-0.235259
-0.252142
-0.242467
-0.233488
-0.227674
-0.236619
-0.244714
-0.24276
-0.256561
-0.239416
-0.221823
-0.236628
-0.243615
-0.237835
-0.252038
-0.231122
-0.248159
-0.233328
-0.240534
-0.238949
-0.229003
-0.251431
-0.233589
-0.239844
-0.241825
-0.246522
-0.244566
-0.23508
-0.241008
-0.23758
-0.24853
-0.240716
-0.230603
-0.234883
-0.232961
-0.23611
-0.237021
-0.230009
-0.240665
-0.234807
-0.240141
-0.228145
-0.240044
-0.24178
-0.241617
-0.231559
-0.222506
-0.24213
-0.235148
-0.244673
-0.245132
-0.236111
-0.240516
-0.224527
-0.247896
-0.248545
-0.240692
-0.236242
-0.24883
-0.235363
-0.242911
-0.239573
-0.235566
-0.240694
-0.234693
-0.226958
-0.234899
-0.244319
-0.230066
-0.240698
-0.233148
-0.174921
-0.177677
-0.170716
-0.171426
-0.188681
-0.182733
-0.178907
-0.169914
-0.16444
-0.163866
-0.174171
-0.180692
-0.164662
-0.178736
-0.166797
-0.169796
-0.177756
-0.174057
-0.158103
-0.178839
-0.178241
-0.174096
-0.169227
-0.161192
-0.182287
-0.170785
-0.186855
-0.167364
-0.168726
-0.178298
-0.178426
-0.166661
-0.174226
-0.170299
-0.162779
-0.173394
-0.18291
-0.16735
-0.159645
-0.175882
-0.170024
-0.173245
-0.170831
-0.170566
-0.169576
-0.164085
-0.176192
-0.175463
-0.176421
-0.180947
-0.16901
-0.166757
-0.173642
-0.17519
-0.172112
-0.170475
-0.179587
-0.158722
-0.172169
-0.179548
-0.167902
-0.169572
-0.156109
-0.179617
-0.171423
-0.148673
-0.172399
-0.171564
-0.169583
-0.173582
-0.172354
-0.169904
-0.170979
-0.178155
-0.17268
-0.167985
-0.171975
-0.169551
-0.163429
-0.175166
-0.180898
-0.18092
-0.176744
-0.171174
-0.179428
-0.17601
-0.174169
-0.17331
-0.174933
-0.168733
-0.168637
-0.17317
-0.173766
-0.16795
-0.174458
-0.166539
-0.173179
-0.171792
-0.171901
-0.173807
-0.114392
-0.107773
-0.100636
-0.114749
-0.118001
-0.110161
-0.10904
-0.111305
-0.117671
-0.117199
-0.112013
-0.107927
-0.0990646
-0.10753
-0.114001
-0.10978
-0.0996806
-0.101806
-0.09871
-0.119903
-0.112233
-0.102578
-0.130469
-0.109222
-0.110156
-0.118953
-0.113849
-0.109442
-0.114391
-0.103936
-0.109479
-0.103963
-0.104077
-0.106971
-0.11129
-0.104846
-0.1
-0.111483
-0.102559
-0.117386
-0.117551
-0.129994
-0.119214
-0.112588
-0.104861
-0.096663
-0.113957
-0.111191
-0.1024
-0.104053
-0.111891
-0.108794
-0.105831
-0.117987
-0.115396
-0.111175
-0.106221
-0.114096
-0.101239
-0.106774
-0.119156
-0.108996
-0.110439
-0.112085
-0.0962205
-0.0990918
-0.12535
-0.10755
-0.110055
-0.109098
-0.114982
-0.108655
-0.117539
-0.113628
-0.106296
-0.111998
-0.112378
-0.0946372
-0.108813
-0.10523
-0.11522
-0.112984
-0.124238
-0.114608
-0.100749
-0.106887
-0.128017
-0.100824
-0.106172
-0.114108
-0.10971
-0.112439
-0.11227
-0.116758
-0.106157
-0.110912
-0.114703
-0.121318
-0.10165
-0.122062
-0.0485001
-0.0436463
-0.0414255
-0.0555607
-0.0459165
-0.0455472
-0.0468117
-0.0571776
-0.0586746
-0.0619566
-0.046917
-0.0410482
-0.0446194
-0.049807
-0.0561569
-0.0500355
-0.0542144
-0.0476061
-0.0578492
-0.0568161
-0.059338
-0.0376819
-0.0384532
-0.0533313
-0.0521772
-0.0453277
-0.0593846
-0.0465141
-0.040318
-0.0499099
-0.0538438
-0.050304
-0.0508477
-0.0466161
-0.0465965
-0.0555613
-0.0477466
-0.0622585
-0.0431064
-0.0540286
-0.0501738
-0.0467501
-0.0392093
-0.0531115
-0.0473731
-0.0543806
-0.0460235
-0.0448695
-0.0472861
-0.0479228
-0.0470891
-0.0524193
-0.0494814
-0.0547261
-0.0640672
-0.0558052
-0.0445793
-0.0466013
-0.0513314
-0.0505265
-0.0555485
-0.0501466
-0.0511008
-0.0523886
-0.0519019
-0.0521709
-0.0465376
-0.0512589
-0.0565448
-0.0366165
-0.0441415
-0.0545421
-0.0457391
-0.0397736
-0.0425124
-0.0526705
-0.0503157
-0.0436858
-0.0444477
-0.0467705
-0.051709
-0.0444091
-0.0662029
-0.0531197
-0.0484935
-0.0587417
-0.0519176
-0.0488445
-0.0618363
-0.046084
-0.0402604
-0.0632614
-0.0551531
-0.0565212
-0.0455513
-0.0554501
-0.0493071
-0.0490165
-0.0461124
-0.0476467
