10 -9.71469e-05 1.8334e-06
15 0.000168235 8.64832e-07
20 -7.91824e-05 6.52414e-07
25 9.06958e-05 4.88194e-07
30 7.4851e-05 3.96538e-07
35 5.39014e-05 2.83489e-07
40 3.69049e-05 3.14e-07
50 0.000104904 2.28523e-07
60 6.56215e-05 1.59277e-07
80 0.000146918 1.51123e-07
100 0.000118866 1.20682e-07
150 5.26225e-05 8.87539e-08
200 9.96466e-05 3.10005e-08
250 0.000105839 3.9262e-08
300 7.04861e-05 3.4867e-08
350 7.03885e-05 3.33211e-08
400 5.01493e-05 3.06825e-08
500 8.72568e-05 2.25023e-08
600 5.14865e-05 1.8108e-08
800 7.1227e-05 1.39493e-08
1000 7.43859e-05 1.032e-08
1500 8.8093e-05 8.12569e-09
2000 6.3896e-05 5.3459e-09
2500 7.22507e-05 4.26885e-09
3000 6.68929e-05 3.99433e-09
3500 6.59522e-05 2.27475e-09
4000 7.10304e-05 2.42431e-09
5000 6.42444e-05 1.58711e-09
6000 6.8903e-05 1.61259e-09
8000 6.30173e-05 1.39812e-09
10000 7.60008e-05 1.13277e-09
