0.000269594
-2.58876e-05
-2.58876e-05
0.0094948
0.000511307
-8.28443e-05
-8.28443e-05
0.0181343
0.000749073
0.000238018
0.000238018
0.0262408
0.000963569
0.00020627
0.00020627
0.0335602
0.0011297
7.12576e-05
7.12576e-05
0.0418445
0.00132376
-9.80848e-05
-9.80848e-05
0.0515735
0.00153362
5.85836e-05
5.85836e-05
0.0598408
0.00177203
0.000176849
0.000176849
0.0680297
0.00204738
0.000180393
0.000180393
0.0750592
0.00228249
0.000209357
0.000209357
0.0830912
0.00254267
0.000486202
0.000486202
0.0897451
0.00281358
0.000451514
0.000451514
0.0957299
0.0030111
0.000472456
0.000472456
0.104306
0.00326539
0.000592031
0.000592031
0.112584
0.00344657
0.000568029
0.000568029
0.120216
0.00362668
0.000589581
0.000589581
0.127105
0.00392209
0.000797413
0.000797413
0.133502
0.00423485
0.000853337
0.000853337
0.139936
0.00443705
0.000854052
0.000854052
0.148676
0.0046951
0.00115151
0.00115151
0.155823
0.00496149
0.00112524
0.00112524
0.163021
0.00514416
0.000832642
0.000832642
0.170466
0.00535145
0.000949088
0.000949088
0.177126
0.00555389
0.00116559
0.00116559
0.183741
0.00581176
0.00111352
0.00111352
0.191097
0.00608383
0.00100161
0.00100161
0.199657
0.00635141
0.000720598
0.000720598
0.206899
0.00660022
0.000364742
0.000364742
0.212881
0.00685572
0.000453663
0.000453663
0.219094
0.00701773
0.000465177
0.000465177
0.226347
0.00726204
0.000554188
0.000554188
0.235145
0.0075094
0.000503332
0.000503332
0.244056
0.00772312
0.00066029
0.00066029
0.253324
0.00789525
0.000691129
0.000691129
0.258992
0.00816894
0.0006379
0.0006379
0.265968
0.00845275
0.000648214
0.000648214
0.271704
0.00870581
0.000819028
0.000819028
0.280183
0.00889184
0.000871315
0.000871315
0.287892
0.00905578
0.000714621
0.000714621
0.295078
0.00927284
0.000458954
0.000458954
0.306495
0.00948852
0.000686683
0.000686683
0.314588
0.00966042
0.000838165
0.000838165
0.322566
0.00985692
0.00118578
0.00118578
0.333686
0.0100645
0.0012583
0.0012583
0.34259
0.010264
0.00134576
0.00134576
0.350517
0.0103884
0.00126796
0.00126796
0.357751
0.0106124
0.00126905
0.00126905
0.365865
0.0109063
0.00129978
0.00129978
0.372855
0.0111465
0.00136315
0.00136315
0.380332
0.0113464
0.00139526
0.00139526
0.386368
0.0115976
0.00140675
0.00140675
0.395134
0.0118161
0.00159848
0.00159848
0.400882
0.0119642
0.00164632
0.00164632
0.407712
0.0122901
0.00137975
0.00137975
0.413808
0.0125224
0.00159568
0.00159568
0.419408
0.0127767
0.00135461
0.00135461
0.427618
0.013037
0.00146212
0.00146212
0.433419
0.0132888
0.00107097
0.00107097
0.439678
0.0135323
0.00125993
0.00125993
0.445817
0.0137526
0.00152423
0.00152423
0.447921
0.0139849
0.00133873
0.00133873
0.460596
0.0141985
0.00118592
0.00118592
0.468475
0.0143406
0.00151167
0.00151167
0.474207
0.014633
0.000881132
0.000881132
0.480942
0.0148848
0.000765456
0.000765456
0.489
0.0151012
0.000473575
0.000473575
0.49621
0.0152953
0.000323351
0.000323351
0.505573
0.0155048
0.000257901
0.000257901
0.51289
0.0157124
0.000295664
0.000295664
0.519669
0.0159862
5.68518e-05
5.68518e-05
0.527631
0.0162151
0.000138336
0.000138336
0.536824
0.0164252
4.08799e-05
4.08799e-05
0.544028
0.0166305
-0.000375951
-0.000375951
0.550343
0.0168755
-0.000264863
-0.000264863
0.557835
0.0170833
-0.000377639
-0.000377639
0.566583
0.0173225
-0.000240116
-0.000240116
0.569928
0.0175839
-0.000444524
-0.000444524
0.577166
0.0177637
-0.000534049
-0.000534049
0.591623
0.0180128
-0.000443038
-0.000443038
0.597939
0.0182679
-0.000297172
-0.000297172
0.605897
0.0185017
-0.000159114
-0.000159114
0.611556
0.018734
-0.000239467
-0.000239467
0.616853
0.0190343
-0.000255765
-0.000255765
0.623339
0.0192631
-0.000358373
-0.000358373
0.635145
0.0194588
-0.000457275
-0.000457275
0.636383
0.0196632
-0.0003013
-0.0003013
0.644416
0.0198432
-2.0444e-05
-2.0444e-05
0.648302
0.0201131
-0.000131528
-0.000131528
0.655405
0.0203084
0.000108053
0.000108053
0.659401
0.0205085
-0.000140279
-0.000140279
0.669866
0.0207596
-5.15496e-05
-5.15496e-05
0.670919
0.0210505
0.000167783
0.000167783
0.68029
0.0212533
0.000304573
0.000304573
0.688814
0.02146
6.76615e-05
6.76615e-05
0.693491
0.0217081
-3.0229e-05
-3.0229e-05
0.701648
0.021955
-0.000226652
-0.000226652
0.705986
0.0221616
-0.000247442
-0.000247442
0.712003
0.0224039
-0.000388146
-0.000388146
0.716586
0.0225608
-0.000329363
-0.000329363
0.723152
0.0227658
0.000188904
0.000188904
0.728262
