10 0.00442762 0.00137084
15 0.00467173 0.000868397
20 0.00457303 0.00084491
25 0.00458292 0.000663901
30 0.00466053 0.000587562
35 0.00460467 0.000581236
40 0.00460062 0.000526994
50 0.00473615 0.000421653
60 0.00474946 0.000380935
80 0.00467525 0.000341655
100 0.00467483 0.000320279
150 0.0047127 0.000224478
200 0.00470429 0.000220014
250 0.00468268 0.000183704
300 0.00469508 0.000167594
350 0.00468379 0.000171435
400 0.00470396 0.000155464
500 0.00470047 0.000133483
600 0.00469262 0.000113757
800 0.00471524 0.000106444
1000 0.00470422 9.49221e-05
1500 0.00468567 8.33787e-05
2000 0.00469925 6.30694e-05
2500 0.00468884 5.80905e-05
3000 0.00469374 5.74421e-05
3500 0.00469777 5.13966e-05
4000 0.00470092 4.8569e-05
5000 0.00469729 4.34114e-05
6000 0.00470228 3.79048e-05
8000 0.00469227 3.68009e-05
10000 0.00469974 2.87927e-05
