10 -3.43997e-05 0.00142491
15 0.000114029 0.000999574
20 -0.000152118 0.00092334
25 0.000137342 0.000827433
30 2.54357e-05 0.000699836
35 9.21504e-05 0.000538375
40 2.86875e-05 0.000561141
50 0.000109603 0.000506113
60 7.26186e-05 0.000444101
80 0.000147077 0.000443556
100 0.00012604 0.000350725
150 4.38286e-05 0.000309227
200 9.20827e-05 0.000187264
250 9.97328e-05 0.000215367
300 7.90857e-05 0.000207089
350 6.61019e-05 0.000192789
400 5.33741e-05 0.00019047
500 7.84683e-05 0.000155453
600 5.73612e-05 0.000145321
800 7.34345e-05 0.000121534
1000 8.21404e-05 9.70929e-05
1500 9.34206e-05 9.37094e-05
2000 7.62617e-05 7.97495e-05
2500 8.19964e-05 6.51953e-05
3000 7.17218e-05 6.30965e-05
3500 7.28374e-05 5.49374e-05
4000 7.70752e-05 5.45585e-05
5000 6.90215e-05 4.52227e-05
6000 7.52998e-05 4.44945e-05
8000 6.84261e-05 3.77779e-05
10000 7.94304e-05 3.56509e-05
