10 -0.000120123 0.0013418
15 0.000156777 0.000916954
20 -7.50874e-05 0.000803028
25 7.70829e-05 0.000685055
30 7.25053e-05 0.000631679
35 3.37709e-05 0.000532973
40 3.2641e-05 0.000564464
50 9.49294e-05 0.000474244
60 6.23034e-05 0.000398112
80 0.000140487 0.000381393
100 0.00011189 0.000349453
150 4.32594e-05 0.000298859
200 9.24081e-05 0.000177446
250 9.60617e-05 0.000195007
300 6.04454e-05 0.000188333
350 6.48995e-05 0.000184329
400 4.28063e-05 0.000172184
500 8.286e-05 0.000150899
600 4.45901e-05 0.000134771
800 6.43126e-05 0.000119398
1000 6.50231e-05 0.000104135
1500 7.89234e-05 9.03113e-05
2000 5.46898e-05 7.22325e-05
2500 6.19056e-05 6.62189e-05
3000 5.84407e-05 6.45313e-05
3500 5.71698e-05 4.679e-05
4000 6.26024e-05 4.8048e-05
5000 5.64086e-05 3.94095e-05
6000 6.03552e-05 3.96248e-05
8000 5.46319e-05 3.77135e-05
10000 6.83098e-05 3.37134e-05
