10 8.80254e-05 0.00178913
15 0.00010275 0.00115943
20 -0.000125587 0.00103492
25 0.000234215 0.000965851
30 -6.64468e-05 0.000840406
35 0.000101957 0.000605585
40 7.14858e-05 0.000676867
50 0.000111413 0.00055024
60 7.41824e-05 0.000497638
80 0.000140282 0.000467351
100 0.000136505 0.00035414
150 2.261e-05 0.000329879
200 9.17572e-05 0.000234117
250 7.46366e-05 0.000247532
300 7.73869e-05 0.000267223
350 5.8831e-05 0.000228948
400 6.33592e-05 0.000221956
500 6.64205e-05 0.000173215
600 6.6778e-05 0.00017163
800 8.31181e-05 0.0001384
1000 8.9029e-05 0.000106326
1500 9.47321e-05 0.000106049
2000 9.48297e-05 9.27649e-05
2500 8.84773e-05 7.28117e-05
3000 7.50388e-05 7.38287e-05
3500 8.07781e-05 6.96993e-05
4000 8.47389e-05 6.82928e-05
5000 7.56544e-05 5.70454e-05
6000 8.22199e-05 5.33791e-05
8000 7.39393e-05 4.17499e-05
10000 8.42955e-05 4.318e-05
