10 0.00533118 0.0016423
15 0.00557887 0.00120113
20 0.00552013 0.00108949
25 0.00555301 0.00084262
30 0.00551433 0.000710564
35 0.00560153 0.000762161
40 0.00555758 0.000577829
50 0.00568278 0.000531721
60 0.00571097 0.000481743
80 0.00560691 0.000401351
100 0.00558007 0.000381768
150 0.00560844 0.000283631
200 0.00564547 0.000263599
250 0.0056497 0.000188763
300 0.00562199 0.000205791
350 0.00561391 0.000188537
400 0.00563334 0.000172919
500 0.00564238 0.000151999
600 0.00565034 0.000144084
800 0.00566203 0.00012351
1000 0.0056328 0.000107472
1500 0.00562488 9.17254e-05
2000 0.00564 7.50936e-05
2500 0.00562836 5.81035e-05
3000 0.00563359 6.29248e-05
3500 0.00562987 5.19738e-05
4000 0.00563782 6.16436e-05
5000 0.00562705 5.1323e-05
6000 0.00563677 4.96155e-05
8000 0.00562827 4.31072e-05
10000 0.00563772 3.72949e-05
