10 0.00457718 0.00133329
15 0.00486544 0.000837388
20 0.00484297 0.000695442
25 0.00488512 0.000684241
30 0.00491348 0.00051415
35 0.00483688 0.000444506
40 0.00488777 0.000526339
50 0.00492051 0.000376555
60 0.00498174 0.000410435
80 0.00492199 0.000330284
100 0.0049434 0.000328218
150 0.00496571 0.000229716
200 0.00495565 0.000216679
250 0.0049477 0.00018685
300 0.00496676 0.000161898
350 0.00494069 0.000156768
400 0.00495011 0.000147858
500 0.00495144 0.000142808
600 0.00494305 0.000120146
800 0.00496212 0.000114085
1000 0.00496625 9.00252e-05
1500 0.00494488 7.5923e-05
2000 0.00495436 6.59313e-05
2500 0.00494552 6.0965e-05
3000 0.00495179 5.52731e-05
3500 0.00495843 5.07941e-05
4000 0.00495506 4.49625e-05
5000 0.00496345 4.12085e-05
6000 0.00496055 3.85131e-05
8000 0.00494992 3.55516e-05
10000 0.00495727 2.96259e-05
