10 0.000272103 0.0015645
15 0.000274377 0.00120026
20 -3.86352e-05 0.00100814
25 0.000156979 0.000972809
30 6.53885e-05 0.000868328
35 7.11342e-05 0.000671725
40 6.82594e-05 0.000700729
50 8.69709e-05 0.000635369
60 0.000118714 0.000561521
80 0.00016708 0.000502584
100 0.000120343 0.000453905
150 4.06493e-05 0.000359507
200 0.000109127 0.000280292
250 8.72154e-05 0.000286941
300 7.73258e-05 0.000278776
350 8.05555e-05 0.000229983
400 8.33193e-05 0.000232622
500 6.15801e-05 0.00020006
600 8.63511e-05 0.000180246
800 9.44953e-05 0.000165664
1000 9.29045e-05 0.000120824
1500 9.29447e-05 0.000112938
2000 9.3306e-05 9.58887e-05
2500 0.00010007 8.71906e-05
3000 7.67296e-05 7.7107e-05
3500 8.64755e-05 6.31254e-05
4000 9.78771e-05 6.99301e-05
5000 8.07276e-05 6.54546e-05
6000 8.98517e-05 5.5164e-05
8000 8.06527e-05 4.67186e-05
10000 9.6833e-05 4.40438e-05
