10 0.00408869 0.00136521
15 0.0044774 0.000825645
20 0.00446313 0.000742184
25 0.00459161 0.000679702
30 0.00455262 0.000604134
35 0.00456113 0.000608936
40 0.00470225 0.000557382
50 0.0046197 0.000431844
60 0.00462719 0.000421073
80 0.00464076 0.000345419
100 0.00464174 0.000328944
150 0.0047085 0.000311848
200 0.00468965 0.00023894
250 0.00466402 0.00020275
300 0.00467838 0.00018297
350 0.00466908 0.000156138
400 0.00468968 0.000183038
500 0.00467509 0.000119877
600 0.00467616 0.000127058
800 0.0046834 0.000106942
1000 0.0046949 0.000107758
1500 0.00468791 8.41266e-05
2000 0.00468583 7.49863e-05
2500 0.00468602 6.25672e-05
3000 0.00468974 5.71977e-05
3500 0.0046966 6.15345e-05
4000 0.00468654 5.19383e-05
5000 0.00467543 4.8524e-05
6000 0.00468533 4.39396e-05
8000 0.00468613 3.31642e-05
10000 0.00468102 3.15156e-05