10 0.000253029 0.00169605
15 0.00033138 0.00129499
20 -4.91618e-05 0.00115061
25 9.37783e-05 0.00105028
30 0.000124641 0.000968947
35 1.37482e-05 0.000754046
40 6.94473e-05 0.000780614
50 5.8038e-05 0.000706496
60 0.000136716 0.000661794
80 0.000159768 0.000573256
100 0.000110883 0.000532244
150 4.32583e-05 0.000409083
200 0.000104928 0.000315358
250 7.64735e-05 0.000345354
300 5.93562e-05 0.000309498
350 8.46199e-05 0.00024979
400 8.1426e-05 0.000243017
500 6.10518e-05 0.000221752
600 8.79395e-05 0.000205847
800 9.13305e-05 0.000186316
1000 7.86488e-05 0.000137762
1500 7.7066e-05 0.000128362
2000 7.67464e-05 0.000108737
2500 8.44642e-05 9.83753e-05
3000 6.37743e-05 8.78435e-05
3500 7.38306e-05 6.46628e-05
4000 8.90419e-05 7.80033e-05
5000 7.12408e-05 7.44326e-05
6000 7.89673e-05 5.81762e-05
8000 6.95418e-05 5.5639e-05
10000 9.03965e-05 5.00989e-05
