10 0.000177051 0.00131456
15 0.000136298 0.00109744
20 -7.03992e-05 0.000945586
25 0.000238284 0.000890183
30 -5.41393e-06 0.000796719
35 8.46444e-05 0.000603375
40 9.79681e-05 0.000632045
50 0.000108897 0.000523226
60 0.000100245 0.000490615
80 0.000137954 0.000450126
100 0.000142046 0.000363487
150 2.57154e-05 0.000329244
200 9.04274e-05 0.000240781
250 7.26059e-05 0.000249431
300 7.7558e-05 0.00026657
350 6.11528e-05 0.000227194
400 6.56994e-05 0.000222851
500 6.29826e-05 0.000174263
600 6.9814e-05 0.000170221
800 8.57082e-05 0.000138801
1000 9.05874e-05 0.000106469
1500 9.43326e-05 0.000105104
2000 9.67734e-05 9.22749e-05
2500 9.05908e-05 7.3644e-05
3000 7.56278e-05 7.44495e-05
3500 8.2396e-05 6.98032e-05
4000 8.71442e-05 6.84029e-05
5000 7.67038e-05 5.70364e-05
6000 8.3871e-05 5.3381e-05
8000 7.527e-05 4.13867e-05
10000 8.62239e-05 4.31285e-05
