10 0.0043587 0.00128319
15 0.00468043 0.000858245
20 0.00472056 0.000774048
25 0.00473492 0.000700827
30 0.00483964 0.000621899
35 0.004835 0.000549732
40 0.00487082 0.000613286
50 0.00487771 0.000436764
60 0.00494879 0.000420536
80 0.00491498 0.000384573
100 0.00492751 0.000346821
150 0.00498546 0.000278885
200 0.00494287 0.000251175
250 0.00495436 0.000229174
300 0.00496712 0.000198277
350 0.00494666 0.000175087
400 0.00497399 0.000174479
500 0.00494831 0.000177962
600 0.00494815 0.000124556
800 0.00495879 0.000129978
1000 0.00496165 0.000111264
1500 0.00495307 8.44997e-05
2000 0.0049563 8.47291e-05
2500 0.00494565 7.37096e-05
3000 0.00495301 6.29729e-05
3500 0.00495998 6.76019e-05
4000 0.00496247 4.99311e-05
5000 0.00496999 4.93292e-05
6000 0.00496184 5.07073e-05
8000 0.00495178 3.92419e-05
10000 0.0049601 3.33038e-05
