10 0.00551533 0.00132068
15 0.00546058 0.00105043
20 0.0054737 0.000965676
25 0.00549207 0.000771975
30 0.00546292 0.000673981
35 0.00556698 0.000726233
40 0.0055521 0.000548045
50 0.00564626 0.000533352
60 0.00567255 0.000463551
80 0.00558957 0.000391227
100 0.00557141 0.000378073
150 0.00559961 0.000284258
200 0.00563843 0.000266124
250 0.00564363 0.000185509
300 0.00561903 0.000204249
350 0.00561191 0.000187573
400 0.00562752 0.000173805
500 0.00563793 0.000151491
600 0.0056476 0.000145497
800 0.00565659 0.000123687
1000 0.00562898 0.000106729
1500 0.00562048 9.20957e-05
2000 0.00563619 7.55044e-05
2500 0.00562461 5.74785e-05
3000 0.00562998 6.31214e-05
3500 0.00562572 5.18912e-05
4000 0.00563449 6.20146e-05
5000 0.00562385 5.03464e-05
6000 0.00563364 4.97167e-05
8000 0.00562447 4.33096e-05
10000 0.00563425 3.6839e-05
