10 0.0042705 0.00116468
15 0.00444743 0.000936942
20 0.00447787 0.000857088
25 0.00447605 0.000624549
30 0.00456512 0.000585315
35 0.00457678 0.000595357
40 0.00457138 0.000538904
50 0.00468135 0.00044506
60 0.00471866 0.000377839
80 0.00465509 0.000377369
100 0.00465573 0.000329616
150 0.00471251 0.000239211
200 0.00468398 0.000240506
250 0.00468722 0.000193521
300 0.00468813 0.000184556
350 0.00468323 0.000177173
400 0.00470703 0.000182876
500 0.00469154 0.000157327
600 0.00469146 0.000121557
800 0.00470044 0.000115311
1000 0.00469432 9.95197e-05
1500 0.00467821 9.06743e-05
2000 0.00469053 7.4991e-05
2500 0.00467899 6.66713e-05
3000 0.0046838 6.13778e-05
3500 0.00468695 5.92282e-05
4000 0.00469539 5.22894e-05
5000 0.00469197 4.44425e-05
6000 0.00469365 4.21129e-05
8000 0.00468167 3.89967e-05
10000 0.00469053 3.23314e-05
