10 -0.000111326 0.00133387
15 3.84881e-05 0.00096261
20 -0.000122851 0.000878829
25 8.31125e-05 0.000811512
30 1.7667e-05 0.000655787
35 1.8647e-05 0.000552377
40 -3.30965e-05 0.000599437
50 6.15397e-05 0.000521426
60 1.20073e-05 0.000453001
80 0.000105203 0.000429436
100 7.89764e-05 0.000353014
150 -1.24146e-05 0.000342091
200 6.16166e-05 0.000244897
250 6.71299e-05 0.000219302
300 4.09773e-05 0.000208233
350 3.15084e-05 0.000211166
400 2.64343e-05 0.000208141
500 3.67923e-05 0.000164913
600 3.31015e-05 0.00015927
800 4.91784e-05 0.000125463
1000 5.02795e-05 0.000103442
1500 5.64861e-05 0.000101669
2000 3.77135e-05 8.5424e-05
2500 5.21952e-05 6.98582e-05
3000 4.04324e-05 6.89973e-05
3500 4.14583e-05 5.98811e-05
4000 3.65268e-05 5.98494e-05
5000 3.38843e-05 5.25388e-05
6000 4.36922e-05 5.10973e-05
8000 3.91702e-05 4.29748e-05
10000 4.9971e-05 3.84319e-05
