10 0.0042147 0.00153365
15 0.00458092 0.000872176
20 0.00455479 0.000853607
25 0.00452455 0.000605794
30 0.00463223 0.000580907
35 0.00459253 0.000562447
40 0.00456682 0.000516916
50 0.00470601 0.000414706
60 0.00473928 0.000391487
80 0.00466514 0.000371674
100 0.00466183 0.000329442
150 0.00469754 0.000230407
200 0.00469065 0.000237871
250 0.00468593 0.000185139
300 0.00468549 0.000174675
350 0.00467573 0.000174451
400 0.00469039 0.000162106
500 0.00469247 0.000140751
600 0.00468691 0.000119743
800 0.0047019 0.000114833
1000 0.00469401 9.60303e-05
1500 0.00467236 8.86418e-05
2000 0.00468739 6.96012e-05
2500 0.00467757 6.15296e-05
3000 0.00468121 5.94948e-05
3500 0.00468266 5.25376e-05
4000 0.00468876 5.05611e-05
5000 0.00468468 4.3137e-05
6000 0.00469036 3.83125e-05
8000 0.00467719 3.84265e-05
10000 0.00468673 3.06936e-05
