10 0.00507412 0.00181689
15 0.00545806 0.00111547
20 0.0053752 0.00108514
25 0.00540043 0.000882785
30 0.00547804 0.000767848
35 0.00552099 0.000778966
40 0.00546677 0.000582854
50 0.00557431 0.000615967
60 0.00568292 0.000511027
80 0.00560132 0.000462054
100 0.00555254 0.000416957
150 0.0055699 0.000321846
200 0.00563192 0.000312464
250 0.00563608 0.000212608
300 0.00560322 0.000233923
350 0.00558908 0.000202551
400 0.00561646 0.000196469
500 0.00563342 0.000167116
600 0.00564044 0.000155506
800 0.00565684 0.00013979
1000 0.0056141 0.000124835
1500 0.00561859 0.000101879
2000 0.00563095 8.65429e-05
2500 0.00562217 6.41584e-05
3000 0.00562603 7.3857e-05
3500 0.00561396 5.69687e-05
4000 0.0056257 6.59566e-05
5000 0.00560962 5.78769e-05
6000 0.00562507 5.07764e-05
8000 0.00561307 4.97105e-05
10000 0.00562934 4.23584e-05
