10 0.00456829 0.00130683
15 0.00486539 0.000847773
20 0.00484667 0.000684757
25 0.0048543 0.000623291
30 0.00490442 0.00049838
35 0.0048514 0.000432277
40 0.00487803 0.000497682
50 0.00492338 0.000379903
60 0.00497624 0.000410962
80 0.00492468 0.000331773
100 0.00494807 0.000321327
150 0.0049702 0.00022562
200 0.00495906 0.000220643
250 0.00495308 0.000185383
300 0.00496615 0.000162195
350 0.00494163 0.000157342
400 0.0049499 0.000148152
500 0.00495066 0.000144145
600 0.00494294 0.000119907
800 0.0049598 0.000114106
1000 0.0049647 8.91152e-05
1500 0.00494212 7.65271e-05
2000 0.00495236 6.67459e-05
2500 0.00494307 6.14468e-05
3000 0.00494905 5.5378e-05
3500 0.00495535 5.09377e-05
4000 0.00495259 4.47309e-05
5000 0.00496103 4.12352e-05
6000 0.00495806 3.86401e-05
8000 0.00494679 3.55847e-05
10000 0.00495441 2.98311e-05
