-0.768081
-0.767841
-0.772061
-0.776966
-0.772825
-0.756364
-0.731429
-0.699165
-0.660078
-0.613352
-0.559088
-0.49758
-0.4297
-0.356736
-0.280604
-0.203721
-0.127309
-0.0543088
0.014847
0.0781635
0.137125
-0.511653
-0.507719
-0.511727
-0.518575
-0.521013
-0.514861
-0.502634
-0.485232
-0.462675
-0.434777
-0.40141
-0.362759
-0.319326
-0.271808
-0.221407
-0.169384
-0.11699
-0.0657041
-0.017272
0.0288852
0.0714177
-0.432293
-0.430709
-0.432554
-0.436856
-0.439496
-0.436688
-0.430316
-0.420571
-0.408049
-0.39189
-0.372081
-0.348531
-0.320907
-0.289943
-0.255972
-0.219885
-0.182445
-0.144961
-0.107896
-0.0730911
-0.0395139
-0.330071
-0.329396
-0.334664
-0.342901
-0.350743
-0.352213
-0.349279
-0.342222
-0.331797
-0.317271
-0.298846
-0.27663
-0.250339
-0.220914
-0.188635
-0.154328
-0.118929
-0.0834516
-0.0483962
-0.0158289
0.0157705
-0.232899
-0.230431
-0.232691
-0.23567
-0.235724
-0.232184
-0.226719
-0.219044
-0.209478
-0.197221
-0.182444
-0.165166
-0.145288
-0.123371
-0.0996632
-0.0747843
-0.0494853
-0.0241699
0.000618131
0.0236585
0.0457307
-0.353305
-0.351115
-0.351882
-0.354818
-0.354926
-0.349908
-0.341359
-0.329639
-0.315058
-0.297164
-0.275978
-0.25159
-0.223871
-0.193589
-0.161101
-0.127358
-0.0929382
-0.0590411
-0.0264563
0.00425923
0.0328881
-0.274447
-0.271944
-0.268343
-0.263749
-0.25374
-0.242202
-0.230347
-0.217873
-0.204905
-0.190663
-0.175092
-0.158144
-0.139672
-0.119901
-0.0991077
-0.0778541
-0.0564331
-0.0352994
-0.0150537
0.0039209
0.0217114
-0.240842
-0.239796
-0.243222
-0.248567
-0.253036
-0.253357
-0.251318
-0.246894
-0.240731
-0.232019
-0.22097
-0.207531
-0.191536
-0.173509
-0.153584
-0.132301
-0.110092
-0.0875793
-0.0648119
-0.044
-0.0231267
-0.303472
-0.302584
-0.304986
-0.308797
-0.311591
-0.309927
-0.305066
-0.297573
-0.287685
-0.275236
-0.260133
-0.242398
-0.22194
-0.19912
-0.174291
-0.148044
-0.120853
-0.0937012
-0.067015
-0.0415408
-0.0172819
-0.24525
-0.244962
-0.245048
-0.245841
-0.244931
-0.240423
-0.23299
-0.223317
-0.211511
-0.19754
-0.181333
-0.162921
-0.142453
-0.120239
-0.0965124
-0.0719252
-0.0469878
-0.0225868
0.000727236
0.0230381
0.0436383
-0.219433
-0.21804
-0.217891
-0.219689
-0.220325
-0.218349
-0.214258
-0.208664
-0.201458
-0.192531
-0.181702
-0.16888
-0.154164
-0.137531
-0.119474
-0.100139
-0.0801293
-0.0598881
-0.040576
-0.0212006
-0.00337525
-0.270023
-0.268732
-0.268649
-0.26966
-0.267936
-0.262502
-0.255054
-0.245312
-0.234115
-0.220522
-0.204808
-0.186985
-0.16684
-0.144992
-0.121615
-0.0973151
-0.0724984
-0.0477407
-0.0227484
-0.000706533
0.0214509
-0.211422
-0.210197
-0.207908
-0.205903
-0.20082
-0.194287
-0.186771
-0.178498
-0.169247
-0.158805
-0.147031
-0.133871
-0.119318
-0.103563
-0.0867471
-0.0693317
-0.0515809
-0.0341041
-0.017157
-0.00107122
0.0140177
-0.184832
-0.183695
-0.183867
-0.18392
-0.180825
-0.175254
-0.169065
-0.161259
-0.152949
-0.142657
-0.130866
-0.117597
-0.102567
-0.0864761
-0.0694718
-0.05174
-0.0338159
-0.0159984
0.0028092
0.017639
0.0339409
-0.157148
-0.156178
-0.157268
-0.159955
-0.161589
-0.159799
-0.156694
-0.151154
-0.144852
-0.13618
-0.125864
-0.114008
-0.10023
-0.0854264
-0.0696297
-0.0532415
-0.036513
-0.0198248
-0.00151222
0.0120411
0.027754
-0.17987
-0.179411
-0.178325
-0.175397
-0.167947
-0.159433
-0.151442
-0.14295
-0.134605
-0.125107
-0.114723
-0.103448
-0.0908732
-0.0777005
-0.0638892
-0.0496877
-0.0354556
-0.0213319
-0.00607549
0.00543101
0.0184883
-0.216501
-0.216691
-0.21793
-0.2205
-0.222698
-0.222706
-0.220033
-0.216353
-0.210319
-0.203034
-0.193756
-0.18233
-0.16913
-0.153714
-0.136586
-0.118242
-0.0990328
-0.0796884
-0.062053
-0.0427051
-0.0259578
-0.223341
-0.221643
-0.221151
-0.222545
-0.222507
-0.219098
-0.212576
-0.203978
-0.192978
-0.18003
-0.164873
-0.147577
-0.12837
-0.10738
-0.0850785
-0.0620686
-0.0387808
-0.0159512
0.00556543
0.0262647
0.0452556
-0.162707
-0.161652
-0.161887
-0.161907
-0.158693
-0.153345
-0.148443
-0.142115
-0.136022
-0.128042
-0.118902
-0.10863
-0.0965685
-0.0836908
-0.0699521
-0.0556171
-0.0409194
-0.0260968
-0.0088485
0.00262148
0.0173714
-0.166945
-0.166166
-0.167037
-0.169899
-0.172844
-0.173576
-0.172132
-0.169421
-0.164892
-0.158997
-0.151383
-0.141996
-0.130884
-0.118047
-0.103759
-0.0883631
-0.0721353
-0.0558244
-0.0401109
-0.0241854
-0.00950166
-0.174852
-0.173775
-0.175211
-0.178219
-0.180811
-0.180971
-0.178829
-0.175497
-0.170331
-0.163916
-0.15584
-0.14607
-0.134725
-0.12171
-0.107324
-0.0919707
-0.0758472
-0.0596623
-0.0444398
-0.0284832
-0.0142859
-0.149808
-0.148778
-0.147773
-0.146184
-0.141368
-0.134362
-0.126544
-0.11716
-0.107144
-0.0954489
-0.08251
-0.0684733
-0.0530651
-0.0370575
-0.0205901
-0.00400862
0.0123527
0.0282473
0.0445646
0.0570836
0.0704784
-0.139737
-0.138556
-0.13954
-0.141446
-0.142624
-0.142009
-0.140194
-0.137413
-0.133592
-0.128633
-0.122401
-0.114814
-0.105869
-0.0956536
-0.0843542
-0.0721524
-0.0593815
-0.0464771
-0.0335548
-0.0214401
-0.00965554
-0.148002
-0.147475
-0.146249
-0.144605
-0.140812
-0.136195
-0.130815
-0.125122
-0.118701
-0.111652
-0.103716
-0.0947954
-0.0849648
-0.0741566
-0.0625558
-0.0503862
-0.0378955
-0.0255701
-0.0136132
-0.00204355
0.00875983
-0.154246
-0.152882
-0.153124
-0.154809
-0.155323
-0.153669
-0.150853
-0.146577
-0.141306
-0.134377
-0.125949
-0.116039
-0.104395
-0.0915286
-0.0775377
-0.0626962
-0.0473673
-0.0319389
-0.0157214
-0.00221079
0.0122145
-0.172424
-0.172089
-0.172312
-0.172943
-0.172495
-0.170298
-0.165406
-0.159625
-0.151427
-0.142221
-0.13125
-0.118457
-0.104253
-0.0883081
-0.0711409
-0.0532646
-0.0349739
-0.0170662
-0.00152949
0.016055
0.030258
-0.166749
-0.166187
-0.165661
-0.165041
-0.162285
-0.158073
-0.152693
-0.146542
-0.139253
-0.130886
-0.121215
-0.11019
-0.0978563
-0.0842737
-0.0697138
-0.0545654
-0.0390792
-0.0237507
-0.00893233
0.00503524
0.0181448
-0.148472
-0.14695
-0.145637
-0.143844
-0.139265
-0.133429
-0.126268
-0.118339
-0.10904
-0.0986991
-0.0870199
-0.0740204
-0.0598427
-0.0446492
-0.0287287
-0.0125099
0.00361221
0.0191573
0.0334556
0.0472866
0.059491
-0.158447
-0.157352
-0.157534
-0.158904
-0.159483
-0.158014
-0.155446
-0.151542
-0.146725
-0.140469
-0.132847
-0.123812
-0.113166
-0.101278
-0.0882465
-0.0742841
-0.0598115
-0.0452314
-0.0299229
-0.0170276
-0.00337254
-0.0979575
-0.097128
-0.0966577
-0.0960173
-0.0931162
-0.0886184
-0.0842043
-0.0785729
-0.0730609
-0.066128
-0.0583708
-0.0498725
-0.0402098
-0.03013
-0.0197011
-0.00906433
0.00158532
0.0120797
0.024189
0.0315878
0.0414475
-0.16369
-0.164039
-0.166057
-0.168897
-0.171724
-0.17257
-0.170769
-0.168125
-0.163302
-0.157585
-0.150252
-0.141191
-0.130748
-0.118536
-0.104936
-0.0903555
-0.0751614
-0.0599412
-0.046461
-0.0310863
-0.0183324
-0.160115
-0.160771
-0.161428
-0.161371
-0.159754
-0.156818
-0.151404
-0.145532
-0.13748
-0.128797
-0.118656
-0.106971
-0.0942691
-0.0800968
-0.064908
-0.0491954
-0.0333018
-0.0178873
-0.005033
0.0102262
0.0218739
-0.0990215
-0.097594
-0.0966966
-0.0968606
-0.0958394
-0.0934202
-0.0905425
-0.0865546
-0.0822248
-0.0765793
-0.0699551
-0.0623928
-0.0536534
-0.0442135
-0.0341932
-0.0237004
-0.0130446
-0.00245146
0.00916456
0.0176233
0.0275086
-0.108337
-0.1075
-0.107528
-0.107405
-0.105106
-0.101534
-0.0979463
-0.0935632
-0.0890998
-0.0835112
-0.0771147
-0.0699316
-0.0616694
-0.0528381
-0.0434629
-0.0337844
-0.0238803
-0.0140726
-0.00314174
0.00461608
0.0139498
-0.149009
-0.149234
-0.149932
-0.149728
-0.147361
-0.143353
-0.13764
-0.131089
-0.123041
-0.113994
-0.103606
-0.0918632
-0.0789962
-0.0649946
-0.05025
-0.0350889
-0.0198849
-0.00510114
0.00863986
0.0219589
0.0339396
-0.153533
-0.152456
-0.152283
-0.152821
-0.1521
-0.149979
-0.146037
-0.141435
-0.135186
-0.128071
-0.119571
-0.109627
-0.098479
-0.0859487
-0.0724463
-0.0583165
-0.0437902
-0.0295417
-0.0165534
-0.00287938
0.00886188
-0.142114
-0.1426
-0.143052
-0.142442
-0.140476
-0.137827
-0.133246
-0.128597
-0.122121
-0.115339
-0.107376
-0.098108
-0.0879622
-0.0764757
-0.0640281
-0.0510083
-0.0377163
-0.0246852
-0.0140155
-0.000578224
0.00942504
-0.109506
-0.109605
-0.110984
-0.112545
-0.11344
-0.113117
-0.111802
-0.109867
-0.10699
-0.103248
-0.0984419
-0.0925302
-0.0854526
-0.07727
-0.0681268
-0.0583159
-0.0480378
-0.0376169
-0.0274092
-0.0175458
-0.00809079
-0.116353
-0.11679
-0.117628
-0.117973
-0.117355
-0.115455
-0.111213
-0.106305
-0.0993549
-0.0916727
-0.0826524
-0.0722703
-0.060995
-0.0485206
-0.0352741
-0.0217236
-0.00813641
0.00494612
0.0158633
0.0285561
0.038277
-0.12633
-0.126232
-0.127737
-0.130356
-0.132485
-0.132519
-0.13135
-0.128893
-0.125479
-0.120664
-0.114555
-0.107154
-0.0982902
-0.0883214
-0.0774126
-0.0657999
-0.0537319
-0.0416589
-0.0289241
-0.018435
-0.00724537
-0.118811
-0.119012
-0.1202
-0.121378
-0.121922
-0.121475
-0.119746
-0.117639
-0.114327
-0.110406
-0.105411
-0.0992488
-0.0920486
-0.0836515
-0.0742963
-0.0642242
-0.0537089
-0.0431576
-0.0333863
-0.023018
-0.0139179
-0.0863836
-0.08531
-0.0855705
-0.0870914
-0.0884833
-0.0882042
-0.0875853
-0.0856903
-0.0836523
-0.0802931
-0.0760729
-0.0710261
-0.0647847
-0.0579006
-0.0503434
-0.0422912
-0.0338375
-0.0252518
-0.0149211
-0.00838853
0.000540385
-0.109272
-0.108576
-0.108365
-0.107848
-0.105457
-0.102273
-0.0989884
-0.0953662
-0.0915604
-0.0870764
-0.0819377
-0.0760955
-0.069366
-0.0620371
-0.0540801
-0.0457434
-0.0371496
-0.0285112
-0.0192615
-0.0119052
-0.00373667
-0.102202
-0.101768
-0.101502
-0.100793
-0.0985232
-0.0960042
-0.0928646
-0.0898054
-0.0859495
-0.0817674
-0.0768427
-0.0710524
-0.0645598
-0.0572093
-0.0491683
-0.0406665
-0.0318947
-0.0232081
-0.0153135
-0.00677057
0.000549109
-0.104922
-0.104629
-0.105648
-0.107335
-0.108246
-0.107123
-0.105012
-0.101497
-0.0972377
-0.0915423
-0.0846881
-0.0767445
-0.0675476
-0.057533
-0.0468717
-0.0358454
-0.0246172
-0.0135061
-0.00163624
0.0073291
0.0174333
-0.0817599
-0.0801829
-0.0788984
-0.0780884
-0.0749608
-0.0699757
-0.0660591
-0.0604944
-0.0559766
-0.0496942
-0.0428947
-0.0357331
-0.0274419
-0.0192998
-0.0110906
-0.00291855
0.0051331
0.0131012
0.0246074
0.0281822
0.037054
-0.110479
-0.110416
-0.110837
-0.111142
-0.110393
-0.108636
-0.105878
-0.102635
-0.0984306
-0.0935419
-0.0876858
-0.0808249
-0.0730007
-0.0642262
-0.0547365
-0.0446968
-0.0344314
-0.0242282
-0.0144875
-0.00500452
0.00378166
-0.126448
-0.125963
-0.126866
-0.128402
-0.129807
-0.130171
-0.128163
-0.125837
-0.121384
-0.11645
-0.110135
-0.102328
-0.093539
-0.0832357
-0.0718286
-0.0597178
-0.0472104
-0.034853
-0.0247229
-0.0117601
-0.00213027
-0.114425
-0.114228
-0.11456
-0.114522
-0.113269
-0.111336
-0.108031
-0.104553
-0.0996936
-0.0943727
-0.0879963
-0.0804949
-0.0721248
-0.062654
-0.0523971
-0.0416552
-0.0306631
-0.0198535
-0.0104522
0.000276628
0.0089316
-0.0865617
-0.0859252
-0.0863173
-0.087005
-0.0866095
-0.0844888
-0.0817107
-0.0777111
-0.0732527
-0.0675725
-0.0609893
-0.053569
-0.0451341
-0.0361597
-0.0267178
-0.0170155
-0.00727793
0.00232057
0.0127476
0.0202241
0.0290025
-0.11081
-0.110384
-0.111145
-0.111955
-0.111746
-0.110702
-0.108173
-0.105408
-0.101186
-0.0964436
-0.0905887
-0.0835547
-0.0756206
-0.0665195
-0.0565473
-0.0460632
-0.0352495
-0.0245884
-0.0153598
-0.00462946
0.00401624
-0.118802
-0.118577
-0.118583
-0.117984
-0.115344
-0.111815
-0.1082
-0.10411
-0.0997511
-0.0945642
-0.088592
-0.0817788
-0.0739981
-0.0654962
-0.0563334
-0.0468125
-0.0370276
-0.0272779
-0.016979
-0.00876111
0.000193103
-0.0686587
-0.067295
-0.0661745
-0.06557
-0.0628269
-0.0580949
-0.0548271
-0.049656
-0.0458642
-0.0400685
-0.0337758
-0.0272078
-0.0193511
-0.0117993
-0.00422015
0.00333708
0.0108
0.0181991
0.0299977
0.0323875
0.0413872
-0.124034
-0.124858
-0.127145
-0.129172
-0.131287
-0.132642
-0.130162
-0.127821
-0.121973
-0.11612
-0.10857
-0.0991513
-0.0889639
-0.0768191
-0.0634541
-0.0493232
-0.0349125
-0.0208987
-0.0119336
0.00443946
0.0134883
-0.109314
-0.108159
-0.107272
-0.106421
-0.103397
-0.0988321
-0.0940678
-0.0881298
-0.0820327
-0.0746445
-0.0664275
-0.0574526
-0.0474607
-0.037069
-0.0263444
-0.0155052
-0.00473398
0.00576175
0.0175613
0.0252817
0.0349758
-0.105871
-0.107106
-0.109504
-0.1117
-0.11446
-0.1166
-0.114631
-0.112926
-0.107596
-0.102481
-0.0957772
-0.0873364
-0.0783756
-0.067435
-0.0553587
-0.0426292
-0.0296799
-0.0171751
-0.0102019
0.00511873
0.0125122
-0.108378
-0.108802
-0.110145
-0.11104
-0.111491
-0.111449
-0.1088
-0.106343
-0.101484
-0.0966339
-0.0905717
-0.0831558
-0.0751409
-0.0655975
-0.0551
-0.0440345
-0.0326891
-0.0216261
-0.0140964
-0.00143679
0.00607844
-0.0988234
-0.0999431
-0.10204
-0.103264
-0.103782
-0.103333
-0.0997335
-0.0959363
-0.0892743
-0.0823493
-0.0739367
-0.0640212
-0.0534299
-0.0413732
-0.0284775
-0.0152057
-0.00194503
0.0107503
0.0192765
0.0331963
0.0412221
-0.086949
-0.0860845
-0.0870982
-0.0892402
-0.0913961
-0.0920774
-0.0917221
-0.0904134
-0.0882641
-0.0850863
-0.0808746
-0.0756298
-0.0692674
-0.0619848
-0.0539112
-0.0452106
-0.0361141
-0.0268996
-0.0174639
-0.00909219
-0.000560142
-0.095843
-0.0954312
-0.0962901
-0.0981318
-0.0996224
-0.0989857
-0.0974673
-0.0944421
-0.0908918
-0.0859007
-0.0798791
-0.0729017
-0.0647241
-0.0558576
-0.0463686
-0.0364653
-0.0263192
-0.016234
-0.00497957
0.00298022
0.0125584
-0.0869229
-0.0873123
-0.088797
-0.0901437
-0.0911514
-0.0911681
-0.0893693
-0.0872215
-0.0835003
-0.0793486
-0.0741689
-0.067902
-0.0609393
-0.0528717
-0.0440619
-0.0347694
-0.0252053
-0.0158615
-0.00826943
0.00151559
0.00865462
-0.0954655
-0.0949185
-0.0954632
-0.0966757
-0.0973965
-0.0965559
-0.094466
-0.091367
-0.0873091
-0.0822355
-0.0761338
-0.0690375
-0.0609351
-0.0520395
-0.0425073
-0.032567
-0.0224693
-0.0125331
-0.00265412
0.00610646
0.0146535
-0.0732665
-0.0715828
-0.0702007
-0.0696486
-0.0678576
-0.0652419
-0.0633461
-0.0607263
-0.0587063
-0.0557372
-0.0524033
-0.04872
-0.0442212
-0.0395397
-0.0345493
-0.0292697
-0.0237936
-0.0181783
-0.0104816
-0.00694387
-0.000496908
-0.11067
-0.112059
-0.114678
-0.116839
-0.119132
-0.120601
-0.117483
-0.114488
-0.107381
-0.10039
-0.0915937
-0.0808896
-0.0696233
-0.0563725
-0.0419907
-0.0271142
-0.0121242
0.00219141
0.0102115
0.0273434
0.0355547
-0.101147
-0.1009
-0.100807
-0.100561
-0.0989782
-0.096329
-0.0925599
-0.0881828
-0.0828483
-0.0767804
-0.0698117
-0.0619401
-0.0532798
-0.0438864
-0.0339844
-0.0238138
-0.0136126
-0.00363823
0.0055454
0.0145458
0.0225849
-0.0977495
-0.0978488
-0.0988361
-0.0999858
-0.101099
-0.101141
-0.0985983
-0.095626
-0.090433
-0.0848495
-0.0780363
-0.0699435
-0.0611499
-0.0511019
-0.0402906
-0.0290433
-0.0176866
-0.00668293
0.00149277
0.0131791
0.0208205
-0.0806931
-0.0801177
-0.0802403
-0.0815744
-0.0823651
-0.0811188
-0.0790785
-0.0754992
-0.0714657
-0.0659845
-0.0595532
-0.0522924
-0.0439313
-0.0351089
-0.0258706
-0.0164002
-0.00689342
0.00242331
0.0129103
0.0198304
0.0284523
-0.0833745
-0.0839727
-0.0855569
-0.0866154
-0.0869006
-0.0860741
-0.0840344
-0.0814622
-0.0778424
-0.0735852
-0.0684348
-0.062365
-0.0555167
-0.0478502
-0.0395582
-0.0308937
-0.022055
-0.0133063
-0.00534961
0.00294073
0.0100953
-0.0739976
-0.0731506
-0.0730438
-0.0730161
-0.0712217
-0.0679824
-0.0654367
-0.0616783
-0.0585464
-0.0540121
-0.0489128
-0.0433425
-0.0366943
-0.0299241
-0.0228811
-0.0156633
-0.00833765
-0.00110652
0.00874146
0.012928
0.0207591
-0.0867396
-0.0862082
-0.0870479
-0.0882321
-0.088976
-0.0887253
-0.0864917
-0.0838252
-0.0793752
-0.074411
-0.0683093
-0.0610524
-0.0530232
-0.0439404
-0.0341394
-0.0239464
-0.0136775
-0.00369287
0.00428183
0.0144493
0.0217301
-0.0870954
-0.0855282
-0.0856516
-0.0873106
-0.0882497
-0.0872652
-0.0865141
-0.0842564
-0.0822635
-0.0786676
-0.0742477
-0.0690873
-0.0626109
-0.0557126
-0.0482867
-0.0404346
-0.0322636
-0.0240212
-0.0130945
-0.0076446
0.00145832
-0.0944448
-0.0951844
-0.0964521
-0.0972708
-0.0975204
-0.0968806
-0.0946673
-0.0921237
-0.0881902
-0.0837943
-0.0784235
-0.0720467
-0.0648822
-0.0567341
-0.0478946
-0.0386556
-0.0291881
-0.0199161
-0.0120214
-0.00274847
0.00451255
-0.0948538
-0.0960829
-0.0986451
-0.101012
-0.103802
-0.105407
-0.103292
-0.100907
-0.0953417
-0.0896163
-0.0823987
-0.0736339
-0.0642489
-0.0533422
-0.0415329
-0.0293422
-0.0170948
-0.00529215
0.00208849
0.0154309
0.0226822
-0.0863955
-0.0870453
-0.0888907
-0.0912904
-0.0943024
-0.0961282
-0.0957106
-0.0947974
-0.0919968
-0.0887143
-0.0842643
-0.0785669
-0.0720547
-0.0642723
-0.0556142
-0.0463456
-0.0367648
-0.0272676
-0.0197146
-0.00966697
-0.00240504
-0.0933377
-0.0927424
-0.0932555
-0.0941059
-0.0942702
-0.0934256
-0.0912688
-0.0886304
-0.0847762
-0.0803285
-0.0749167
-0.068511
-0.0612938
-0.0531693
-0.0443669
-0.0351828
-0.0257965
-0.0165986
-0.00835235
0.000564878
0.00802272
-0.0999266
-0.100704
-0.103168
-0.106218
-0.110172
-0.113053
-0.113242
-0.113161
-0.110774
-0.108112
-0.104172
-0.0988117
-0.0926157
-0.0848884
-0.0760332
-0.0663877
-0.0562676
-0.0461173
-0.0387144
-0.0270863
-0.0194957
-0.0905909
-0.0909419
-0.0926526
-0.0945765
-0.0968347
-0.0982762
-0.0967866
-0.0951526
-0.0908691
-0.0864144
-0.0806193
-0.0733716
-0.0654291
-0.0559665
-0.0455624
-0.0345346
-0.0232811
-0.0123628
-0.00507074
0.00742522
0.0147039
-0.0851741
-0.0851465
-0.0857223
-0.0868971
-0.0886474
-0.0900229
-0.088822
-0.0877603
-0.0843875
-0.081114
-0.0767807
-0.0712625
-0.0652778
-0.0579304
-0.0497559
-0.0410192
-0.0320846
-0.023307
-0.0180156
-0.00749191
-0.00193068
-0.0902696
-0.0904098
-0.0909817
-0.0912735
-0.0908191
-0.0900296
-0.0880287
-0.0861057
-0.0829318
-0.0795754
-0.0753914
-0.070263
-0.0644862
-0.0576928
-0.0501409
-0.0420522
-0.033718
-0.0254276
-0.0188255
-0.00993332
-0.00356055
-0.0873711
-0.0872954
-0.0871995
-0.086611
-0.0840939
-0.0802517
-0.0772005
-0.0730674
-0.0695985
-0.0648491
-0.0595755
-0.0538218
-0.0470407
-0.0400399
-0.0327019
-0.0251155
-0.0174185
-0.00969333
0.000507594
0.00533067
0.0136485
-0.0785997
-0.0772514
-0.0754535
-0.0736986
-0.0693616
-0.0637007
-0.0599999
-0.0549577
-0.0516529
-0.0467272
-0.0415766
-0.0363314
-0.0300097
-0.0239921
-0.017938
-0.0118696
-0.00578201
0.000351087
0.0108112
0.0125535
0.0204998
-0.0792511
-0.0789312
-0.0795053
-0.0804275
-0.0806616
-0.0795408
-0.0776467
-0.0748657
-0.0714792
-0.0671644
-0.0620245
-0.0560907
-0.0492727
-0.0418468
-0.0338825
-0.0256331
-0.0172055
-0.0088865
-0.00034876
0.00670123
0.0140585
-0.091175
-0.0911865
-0.0916892
-0.0918848
-0.0911365
-0.0896609
-0.0872261
-0.0845185
-0.0808624
-0.0767415
-0.0717947
-0.0659584
-0.0593989
-0.0519553
-0.0438679
-0.035341
-0.0265797
-0.0179506
-0.0101923
-0.00178749
0.0052948
-0.0828133
-0.0829029
-0.083783
-0.0846122
-0.0846692
-0.0837615
-0.081927
-0.0796111
-0.0764352
-0.0726279
-0.0679833
-0.0624704
-0.0561958
-0.0490889
-0.0413845
-0.0332888
-0.0249792
-0.01674
-0.00906801
-0.0013321
0.00554145
-0.0764876
-0.076715
-0.0787055
-0.0818131
-0.0860918
-0.0891567
-0.0896644
-0.0896554
-0.0875035
-0.0849463
-0.0811958
-0.0761855
-0.0704094
-0.0633309
-0.0553416
-0.0467348
-0.0377086
-0.0288129
-0.0221808
-0.0122212
-0.00563944
-0.0676038
-0.0676281
-0.067733
-0.0676573
-0.0661812
-0.0635475
-0.0614273
-0.0583775
-0.0558014
-0.0521255
-0.047965
-0.0433486
-0.0378889
-0.032189
-0.0261989
-0.0199702
-0.0136202
-0.00725616
0.00110918
0.00510551
0.0119404
-0.055799
-0.0543782
-0.0537718
-0.0539529
-0.0527809
-0.0500313
-0.0488332
-0.0461612
-0.0449213
-0.0420782
-0.0389506
-0.0356401
-0.0312787
-0.0271094
-0.0227892
-0.018337
-0.0137291
-0.00893377
-7.25e-05
0.000983383
0.00780076
-0.0877442
-0.0880608
-0.089716
-0.0910307
-0.0913823
-0.0905316
-0.0889261
-0.0867143
-0.083804
-0.0801426
-0.075629
-0.0702507
-0.0639715
-0.0569462
-0.0492431
-0.0411194
-0.0327182
-0.0243614
-0.0159765
-0.00841023
-0.000972454
-0.0750835
-0.0745606
-0.0743752
-0.0743651
-0.0731664
-0.0706768
-0.0684624
-0.0652575
-0.0623817
-0.0584226
-0.0539624
-0.0490364
-0.0432259
-0.0371909
-0.0308115
-0.0242307
-0.017511
-0.0107871
-0.00222271
0.00221267
0.00926155
-0.0711208
-0.0713687
-0.0723751
-0.0733301
-0.0741252
-0.0739731
-0.0721542
-0.0698711
-0.0661713
-0.0620215
-0.0569713
-0.0509861
-0.0443955
-0.0369328
-0.0289141
-0.0205762
-0.012148
-0.003944
0.00277401
0.0110083
0.0171484
-0.0789694
-0.0781597
-0.0774447
-0.0769976
-0.0752549
-0.0726528
-0.069766
-0.0662551
-0.0624657
-0.05787
-0.0526191
-0.0467284
-0.0400731
-0.0329594
-0.0254206
-0.0176618
-0.00983482
-0.00209334
0.00604491
0.0123809
0.0193494
-0.0870314
-0.0868423
-0.0871638
-0.0877582
-0.0875536
-0.0862878
-0.0847139
-0.0825021
-0.0800298
-0.0767599
-0.0728067
-0.0681587
-0.0626309
-0.0564772
-0.0497794
-0.042628
-0.0351375
-0.0275936
-0.0192778
-0.0128244
-0.0054527
-0.0568185
-0.0557745
-0.0552747
-0.0553439
-0.0538504
-0.0504914
-0.0484646
-0.0447116
-0.0422838
-0.0380651
-0.0334544
-0.0286117
-0.022657
-0.0169448
-0.0111423
-0.0052923
0.000612707
0.00652321
0.0166359
0.0183888
0.0260902
-0.0750439
-0.0754676
-0.0765041
-0.0774371
-0.078201
-0.0782394
-0.0761419
-0.0738547
-0.0696787
-0.0652882
-0.0599097
-0.0534903
-0.0465284
-0.0385753
-0.0299812
-0.021066
-0.0120864
-0.00336504
0.00278174
0.0122358
0.0180394
-0.0712081
-0.0711048
-0.0717809
-0.0722859
-0.072102
-0.0713787
-0.069717
-0.0678867
-0.0651616
-0.062068
-0.05826
-0.0536844
-0.0484968
-0.0425513
-0.0360355
-0.0291369
-0.02202
-0.0149632
-0.00878778
-0.00170859
0.00401962
-0.0896852
-0.0901785
-0.0909277
-0.0915035
-0.0917369
-0.0913785
-0.0887241
-0.0860338
-0.0812805
-0.0764197
-0.0704915
-0.0634508
-0.0558511
-0.0471091
-0.0376804
-0.0278713
-0.0179615
-0.00835781
-0.00169381
0.00886545
0.0152513
-0.0659787
-0.0652161
-0.0651447
-0.0657029
-0.0659387
-0.0652998
-0.0637136
-0.0616388
-0.0587877
-0.0554113
-0.0513552
-0.046627
-0.0412908
-0.0353662
-0.0289601
-0.0223026
-0.0154584
-0.00877111
-0.00249953
0.00378225
0.00934068
-0.0770178
-0.0766454
-0.0771287
-0.0778628
-0.0781894
-0.0777588
-0.0759085
-0.0737315
-0.0702845
-0.0664162
-0.0616777
-0.056043
-0.0497675
-0.0426036
-0.0348585
-0.0267492
-0.0184806
-0.010375
-0.00363872
0.00454027
0.0107183
-0.0676532
-0.0670225
-0.0672237
-0.068343
-0.069433
-0.0692836
-0.0682644
-0.0664445
-0.0640253
-0.0608469
-0.0569734
-0.0524188
-0.0471253
-0.0413046
-0.0350084
-0.0283916
-0.0216196
-0.0148545
-0.0078434
-0.00198458
0.0041537
-0.0673692
-0.0664298
-0.0663506
-0.067189
-0.0671438
-0.0654255
-0.0647022
-0.0625909
-0.0615204
-0.05901
-0.056113
-0.0529027
-0.0486346
-0.0443526
-0.0397192
-0.0348142
-0.0296499
-0.0242078
-0.015179
-0.012923
-0.00556295
0 0.00419096
0.1 0.00434217
1 0.00448012
2.5 0.00454017
5 0.00479459
7.5 0.00515837
10 0.00507615
12.5 0.0051333
15 0.00480081
17.5 0.0046264
20 0.00437405
22.5 0.00402353
25 0.00373701
27.5 0.00330193
30 0.00279472
32.5 0.00223759
35 0.00164935
37.5 0.00108148
40 0.00138061
42.5 8.68227e-05
45 9.88651e-05
