10 -8.16576e-05 0.00124342
15 9.99872e-05 0.000874957
20 -8.71807e-05 0.000734519
25 7.13157e-05 0.000658995
30 8.28868e-05 0.000597118
35 1.2184e-05 0.000493549
40 4.50307e-05 0.00055138
50 7.26788e-05 0.000415861
60 5.6481e-05 0.000397188
80 0.000132386 0.000356298
100 0.000107716 0.000328923
150 2.90616e-05 0.000297593
200 8.32701e-05 0.000184874
250 8.51096e-05 0.000192114
300 5.24982e-05 0.000187552
350 5.8038e-05 0.000185827
400 3.79334e-05 0.000175057
500 7.37346e-05 0.000149835
600 4.01998e-05 0.000136915
800 5.95201e-05 0.000117748
1000 5.95395e-05 0.000103796
1500 7.2163e-05 8.96409e-05
2000 4.76052e-05 7.26881e-05
2500 5.6304e-05 6.59685e-05
3000 5.26739e-05 6.36895e-05
3500 5.13912e-05 4.68809e-05
4000 5.4994e-05 4.90439e-05
5000 4.99798e-05 3.99975e-05
6000 5.43342e-05 3.99084e-05
8000 4.92021e-05 3.83602e-05
10000 6.27671e-05 3.35472e-05
