10 0.00425898 0.00113738
15 0.00445144 0.00105664
20 0.00456946 0.00066344
25 0.00459013 0.000597512
30 0.00461577 0.00062345
35 0.0046058 0.00058685
40 0.00469442 0.000546604
50 0.00465994 0.00043099
60 0.00467275 0.000430026
80 0.00467424 0.000349103
100 0.00465111 0.000305949
150 0.00471249 0.000282541
200 0.00468047 0.000222656
250 0.00466207 0.000191402
300 0.00467483 0.000171419
350 0.0046646 0.000142205
400 0.00468736 0.000166919
500 0.00467889 0.000136773
600 0.00468547 0.000122076
800 0.00468072 0.000104428
1000 0.0046894 9.83205e-05
1500 0.00468701 8.44559e-05
2000 0.00468263 7.03925e-05
2500 0.00468747 5.9727e-05
3000 0.00469358 5.2688e-05
3500 0.00469508 5.88209e-05
4000 0.00468699 4.88113e-05
5000 0.00467693 4.51044e-05
6000 0.00468689 4.31402e-05
8000 0.0046863 3.13337e-05
10000 0.0046811 2.88709e-05