10 -0.000211906 0.00187173
15 -5.30667e-06 0.00134821
20 -0.000204853 0.00129587
25 8.08203e-05 0.00120832
30 -6.09937e-05 0.000933195
35 -3.8657e-05 0.00084745
40 -0.000127057 0.000847096
50 1.56213e-05 0.00079392
60 -4.24737e-05 0.000686647
80 2.12874e-05 0.000661514
100 3.01956e-05 0.000497654
150 -9.64036e-05 0.000493425
200 -2.59354e-06 0.00040119
250 -3.22462e-06 0.000341625
300 -1.38324e-05 0.000311582
350 -2.52026e-05 0.000294637
400 -7.31014e-06 0.000299255
500 -3.39465e-05 0.000236555
600 1.44318e-05 0.000236091
800 2.13317e-05 0.000178654
1000 8.33595e-06 0.000150214
1500 4.37709e-07 0.000157469
2000 -2.0426e-06 0.000117156
2500 1.11764e-05 0.000107822
3000 -5.47565e-06 0.000108876
3500 -4.07237e-07 9.04785e-05
4000 -1.84294e-05 8.82635e-05
5000 -1.3724e-05 8.17358e-05
6000 2.33701e-06 8.05542e-05
8000 -1.66131e-06 6.19037e-05
10000 8.84718e-06 5.82548e-05
