#repeat : 113
1.42851
3.57126
5.1783
6.38357
7.2875
7.96544
8.47388
8.8552
9.14118
9.35565
9.5165
9.63713
9.7276
9.79544
9.84632
9.88447
9.91308
9.93454
9.95063
9.96269
9.97174
9.97852
9.9836
9.98741
9.99027
9.99242
9.99402
9.99522
9.99613
9.9968
9.99731
9.99769
9.99797
9.99819
9.99835
9.99847
9.99855
9.99862
9.99867
9.99871
9.99874
9.99876
9.99877
9.99879
9.99879
9.9988
9.99881
9.99881
9.99881
9.99881
9.99881
9.99881
9.99881
9.99881
9.99881
9.9988
9.9988
9.99879
9.99878
9.99876
9.99874
9.99871
9.99866
9.9986
9.99852
9.99841
9.99827
9.99806
9.99779
9.99743
9.99694
9.99628
9.9954
9.99421
9.99263
9.9905
9.98767
9.98388
9.97882
9.97206
9.96303
9.95099
9.93492
9.91349
9.88489
9.84675
9.79589
9.72805
9.63759
9.51696
9.3561
9.14162
8.85562
8.47427
7.9658
7.28782
6.38383
5.1785
3.57139
1.42856
