0.5 , 0.2 , 0.14
0.46 , 0.132 , 0.1944
0.4736 , 0.09392 , 0.224864
0.481216 , 0.0725952 , 0.241924
0.485481 , 0.0606533 , 0.251477
0.487869 , 0.0539659 , 0.256827
0.489207 , 0.0502209 , 0.259823
0.489956 , 0.0481237 , 0.261501
0.490375 , 0.0469493 , 0.262441
0.49061 , 0.0462916 , 0.262967
0.490742 , 0.0459233 , 0.263261
0.490815 , 0.045717 , 0.263426
0.490857 , 0.0456015 , 0.263519
0.49088 , 0.0455369 , 0.263571
0.490893 , 0.0455006 , 0.263599
0.4909 , 0.0454804 , 0.263616
0.490904 , 0.045469 , 0.263625
0.490906 , 0.0454626 , 0.26363
0.490907 , 0.0454591 , 0.263633
0.490908 , 0.0454571 , 0.263634
0.490909 , 0.045456 , 0.263635
0.490909 , 0.0454553 , 0.263636
0.490909 , 0.045455 , 0.263636
22回
